Case 1:
162646446
632358558
759864344
771107558
621944545
3106171
629816220
579664811
330124357
743544045
778180253
600905454
101665003
270204019
486515076
717782908
718658836
344415229
529847407
291853334
873105224
467594294
657884771
794217148
453108347
735531793
191672718
226573211
590013037
43896360
627678600
720453007
99182657
378968408
699596447
421522271
899854236
246579100
109160818
668209185
162341725
55164295
34854543
181468241
790581383
385379756
727488983
735152613
313424741
88215804
232084169
213111892
868519530
492783182
377365848
168888547
66363980
488268431
485390735
898886127
1
163485753
178770061
476065454
5230183
320604054
65789810
798403755
2
3
96607334
85001704
539718775
111392328
820321144
733935757
362622535
451137748
367344849
550221299
535809124
229244140
415311295
333614019
433808439
83433248
745187165
329981902
865031253
432163281
731999820
903317427
671773963
677624558
459975843
538721671
75091923
115963917
322234118
4952234
460461150
109143592
860197553
161966061
530032640
305154487
238661846
342035744
536632734
747275223
466530625
215094585
868741352
215707435
224133693
246017182
807408783
264034687
96808804
53707259
31922063
405135360
687364097
320238268
12357884
381674370
701526335
518863163
844271530
792955225
421409400
110381444
367343142
855418861
769366445
788830613
16709093
94992671
775953228
363859439
520417254
841276646
179687253
386918385
564491254
239983914
242383418
235998576
479229092
669229591
856420740
48050712
208732214
4
361415312
693270630
225217766
860546483
458653050
757326241
346467631
13115870
247185312
133242509
610824901
771710989
347519381
505611813
259913975
497990737
623954149
443944235
879346930
716275176
105093195
407920824
219476269
55607498
255255931
60051868
317440497
484568149
432970054
499851325
354143772
716724778
724314461
184615639
509862196
95686356
527398794
580162585
830755849
211474274
195538720
23845169
461773662
735005153
410035273
355567222
825414638
481417470
713927234
887966855
244951682
43255932
285730130
73337932
541566810
256536928
179618941
878956583
507744769
540729480
120448232
732265436
780370453
901938299
876669530
258457984
227080030
379681344
893794480
510432811
591122020
782096964
382488371
317831706
632330691
161776955
410550890
86989225
772832798
619188584
35579365
869928219
896679144
846440429
15492460
271084424
132334648
186301721
599743558
277582406
111697323
721114465
417738118
480093699
170656676
214935074
802519814
873433897
762567002
30483633
616338864
878681095
647009592
789620393
173262739
175126767
23990123
218856131
274476527
94529583
878271724
369921920
345186649
93274464
873379075
661694712
747510604
261795820
234138978
349165278
526839675
849047618
384832923
62147659
707699817
181576258
149606547
106729736
526897591
771029958
122434678
412412231
477238024
103758090
167751302
696700005
530620286
884425872
565460553
414095879
259189427
199433367
212946596
142677025
578794146
352462007
857784583
612621077
636547761
119697157
643275449
553922078
631082266
483167962
282095287
121305557
782083511
200927230
782989423
600307389
779509069
625211436
622767931
762041898
190791403
600518971
167931888
46844462
346759710
682168031
342533495
756970990
890414987
806916294
170221521
550550803
348989661
413417868
214006216
361801327
82775800
333410127
746004115
485810188
907721750
392426307
452810488
365204848
818182135
172948440
895127121
599482412
429802350
788178021
882876137
183631308
452028708
796710150
181594233
575875244
313046814
901212705
321036443
354197819
827926436
831337560
206093391
280002955
127683450
690998616
184942731
30318487
635384114
820550126
364542120
349133551
659947280
864197013
233362711
80813926
106017946
85850748
395435570
572026951
548345340
73278104
912142259
271258675
872197960
793203271
301531407
812174164
166817058
276710062
280804860
872157196
115516670
700464182
57718110
391823560
522018307
688111941
485835105
265824924
323361173
131739224
263512873
339902847
896053543
346184523
43389335
803968758
474352689
296262063
341722847
74731572
747083787
899451138
288580099
418700884
767476748
873215302
593469203
93517027
218176510
452500642
71774854
65440326
223473585
228256723
640256192
845467398
707980697
611825984
873740715
574522097
383401716
636149556
808338361
612035704
260574685
107631740
744876785
36732286
653837106
404413385
795656879
353467921
540013135
456185075
40028908
899934199
873248243
777333016
113508377
329140998
61284374
434899895
775603231
49600517
194468981
519358032
735016312
220833781
250913511
811497330
162801145
408507292
821476299
Case 2:
1
496725983
130165287
2
3
4
5
6
7
8
9
10
476291529
137806149
395529085
567405428
102221713
490842600
209975532
25318425
596878881
162091327
665919654
192487025
20348189
257449876
105467706
11
498138331
150863468
12
482975141
601262894
534930305
621852337
343999764
13
639038291
295489386
14
633288827
15
16
17
18
295892796
19
20
21
389130769
374400400
639808684
567019883
14224018
294222799
188357396
366728666
214937673
471574014
456431094
559471606
136630897
206144665
430463555
295233707
480109573
315214482
158918566
449021545
581900216
101509566
602933427
601904994
324603077
564242468
462283025
21059021
335597495
190360840
668506566
10321977
450509669
475753615
513550903
462533526
363595034
648418891
258804383
241016872
116239965
133479011
569903332
368347927
79348317
393674307
417411466
499968792
566499866
573250050
546174916
336377202
622513917
221648073
386652631
597944314
363490251
358723880
630915478
407137528
338677706
43996293
357547126
188109664
224190206
290120971
125723987
636447219
29006283
518513922
128404042
282175098
319856806
480031025
606888821
431607463
76797403
220136205
137374731
138112666
403898760
403022459
270878432
349511528
198346403
372439199
208275478
630563112
387924582
176236400
576828582
155484416
564352616
533708244
275857631
647556474
304989393
46246074
652949022
426339388
22215468
274295988
317955076
325387474
403019798
599505904
220586206
378460645
498305367
152224624
59744338
71743905
290767920
439208991
145997156
659552930
658075932
363999574
433010549
570216913
584377682
458275299
72479262
111314718
384539884
185911703
394913122
574400347
53963546
187304443
162119363
305766111
542683549
441254881
119086585
329699675
424229346
451934705
7341866
128404971
42993749
557235077
225747786
165106267
334419370
599126966
243704509
114158437
272403250
504352978
488923787
368342573
562663301
173010853
206134358
173874956
102080614
556748128
71039404
220332076
599659786
261622596
48322269
499059136
534447415
414407129
414967626
70565946
579461
43141621
648856970
482946707
281167272
446747728
299469719
439546001
591651371
131906135
405863648
167247091
526562517
554335113
370456695
41281522
64331659
512253575
353367081
654412298
511460782
427803603
173087719
105059618
379617795
194978716
257239442
516136226
21211373
397981450
615909583
6611115
595805344
140445491
35892166
95896687
425698605
595637384
379486013
229161894
373034658
648252714
601567224
219212428
140079914
375909606
297647474
192685946
356460707
156857213
664468041
227805069
83928620
214235674
220707532
139202062
612140236
35416169
481903584
167649456
31564774
251924330
267835557
657179015
426100448
667682798
508296430
503244517
294855648
490859363
55482294
350264525
360259408
471087421
649729507
520281622
477909700
97204405
222044437
11840430
593957048
36109264
96159299
406463011
215569878
551522839
294488612
563875557
295680020
548479274
170860117
11430906
61913078
426719934
157411699
39989974
37842553
391795073
173099418
595308357
113579161
511799025
521344489
57346267
25608678
46613301
621642124
241691463
324242701
388598626
298516507
354798563
301849686
31954471
602250560
623712304
85869533
94985650
527953870
56752254
108032666
52449812
86117161
343136331
652291579
37853470
652203343
505531257
605061199
423134552
92970432
569098891
493541061
596173484
613295887
276209940
522284083
267777671
480010760
458915570
137863253
118327627
360823827
609420728
65888397
622552117
316713580
161730872
255059442
445932422
580644896
542791524
37228098
50259930
422009430
13544963
619641538
440362230
27115575
146428970
157981981
22
23
24
605545454
25
26
273250105
243234299
670957195
30702864
72215418
140442101
639495785
603270928
27
28
29
30
31
32
33
34
35
36
37
623089163
46439547
38
580275972
546936015
109220920
438440664
199736792
367713990
Case 3:
1
17974882
416635333
187624568
557039928
669288291
533499420
245594991
634842747
394290375
300844174
674881021
493696966
157593756
340910876
426054955
510062725
439389747
3585212
2
3
4
449896678
293574732
138260535
398971556
542340108
25917397
5
6
137850412
7
165340872
83639258
27841253
155051928
59375994
403386094
76175235
8
503610697
9
10
11
641168220
345460986
12
13
14
15
50748552
639705606
16
525636124
383861183
247259721
569812150
683234645
497630830
379317622
232853594
254358109
378822851
156196885
416328525
351972852
65930189
422394101
637306319
500854624
140711458
703834092
331138639
14049436
317975730
27044344
333835106
514333721
481629436
577285399
582420233
686802156
58742806
5281307
674129307
274603623
262168301
687798500
326835925
580631957
176160278
560081384
419621800
94241145
148414954
510283862
571311917
659977031
253947822
564172327
514631486
206237468
107102932
591103116
208384187
92820645
433338165
471568394
227590201
576818880
16404719
428487433
121550140
660652256
33237022
111569063
308785382
156376369
629998885
175177420
243255543
117654007
165479267
651000012
497217233
669861923
342195340
46309879
201691717
154272212
445134072
583623206
659056038
225733699
485951814
270968442
586964986
504984957
46753754
318474236
618135923
259729110
300020265
8755546
297925793
625927124
176760296
364045488
289326156
215407662
339463352
672665252
505641949
294497266
500392978
605064522
652060819
196331560
322112234
240402921
71211425
263280710
599978512
522994723
660431316
639301580
692091379
7679804
654234223
280338858
390204820
86947829
229732921
238738086
83555029
444332639
512520182
525765180
451923273
618247295
513719205
700293998
83663000
322173405
505565323
490555544
602908892
44849706
150002402
599641077
418497353
449962647
692654477
160644953
684608441
584702499
601877411
567938961
142585070
17
524493032
9319807
44956769
304003655
265685724
185154104
41466340
335750027
297833194
544424601
336146954
32134347
47621549
481751029
308639299
61958672
578685162
302080139
254175246
476758304
8519968
592904333
175683769
634609298
600088024
251570677
333403872
489973920
197957434
99155097
401049916
378020582
609665209
506063063
260689183
584892319
169799761
115365750
484676641
677563183
132906764
663301086
707188090
275442474
114821113
314609962
235396236
156144341
406120108
425128321
343692453
402717973
424280071
284241987
347923283
583022463
431697981
37324076
459065752
415556113
64002386
242999501
18
178339247
263319847
489345397
201145534
537905000
393830975
292102853
316952314
16633455
196029150
437933849
663986196
568740150
509335141
338913703
588446748
570947017
209835895
403508092
688196892
368974275
150751608
647439087
108275572
137776812
423996451
615714615
106460090
66202426
143321848
136391873
186312442
527593129
206126792
14043570
211192004
682750180
618771811
648078811
541161471
628157517
393302201
169420559
241223344
28854899
136275000
169993779
206925592
47883975
694588453
688759553
358955094
86030566
263699060
78303119
220837263
385523749
278290244
86805224
396463927
97540332
72067188
577480439
411275385
316068995
369402277
143702844
497414425
469858305
177699790
502731409
538728366
288658483
327691528
564152490
476171931
642760415
592083162
676885235
624865573
487108167
679616004
542672318
558425509
322111823
247166891
224628166
24313893
659622116
6584704
106169044
51038278
648446468
8503653
667886352
335421769
160872330
633708606
273600507
469724417
29998492
318005527
561748097
513669800
548743638
118591780
19
20
306331666
21
22
286792213
427060689
430168062
239129417
587665781
634492522
619059757
686262299
604553022
504474040
307034493
162769404
591396590
158048917
440911757
154634516
194675498
96902253
655838626
73043083
571671942
Case 4:
1
92517684
15966979
73399553
169176513
2
3
119296978
4
119193349
5
117230099
144962857
243783227
149754240
6
7
122624222
130296860
192774694
139578123
8
9
64712759
74133467
10
11
12
179881836
13
14
15
16
76154516
84914975
233273123
60599060
47392754
14007752
145364674
61520248
56117760
204659896
3170922
196750972
59588760
9145333
61401413
64169028
224422277
26489004
17
221195743
3291168
208506123
7527332
119079413
249369899
242332507
86369020
113382035
221035573
176784689
185606698
111514975
167304785
130701050
13703506
86978724
198735895
214166127
178762440
201287478
127920348
134906231
162095589
18
19
1976432
227841113
217746409
2756894
100983163
45110581
163309243
21232741
72379832
253755840
247544281
98835455
24455250
219730570
216308156
107208082
74105458
181591051
231365821
247311076
27660542
169669274
44988824
19762743
66509061
35259649
216767471
176791358
66688761
106489368
50360575
145536123
222788816
48964
211388353
127369450
51350840
166634648
42148805
251710957
89758859
51948432
106975920
247455785
79540358
55532873
200972587
53210314
135509792
170751757
53760311
146496685
88290421
135640810
151871842
88815261
34264108
140046772
35050485
104066839
210449445
40608828
199436914
129574080
7230517
177136746
97193196
136658567
189796135
116174427
82829645
85011149
241342537
95280826
169890818
82445602
239502406
175548146
98169700
12337410
59786175
16523044
158063827
20
210326314
133368993
182650992
21
231228694
193765782
12598968
129804216
123424457
22
177394645
112219344
80658049
154579570
22433061
7233995
15124632
227776808
103103949
132740681
45129820
199144974
2512302
138981826
130293236
95037737
27061662
98227400
35245850
13277078
184692898
23
164827602
122838561
30097547
120004514
24
25
65996792
154347138
247014052
166002469
252135553
115332735
244598717
194143960
72562369
60172047
108655746
92255090
8566356
199829998
195929185
75663147
95323340
83282911
61949646
4069714
176715737
215623434
197541109
26
119918838
220629503
251843635
165261754
232462658
60168549
82508501
27
28
219555619
183391488
208195140
37217460
167037571
128293229
187153648
2870849
28084280
68311303
144367753
241625188
29
83407187
189242694
76031892
173109878
111350959
181580773
164165516
37053251
107640284
172213410
72647850
130659287
161683072
23971534
224475651
177296623
207038022
211741248
73499171
157242016
16280478
49305097
194379495
6910195
125826257
177638598
126371588
232532582
229690409
996656
23976292
30
31
106166259
34863705
32
214287496
33
34
35
122645051
179475158
36
73985700
179158735
55242094
128915471
149304618
197964669
150846912
97927180
217003823
44601463
37
38
39
40
46553928
248115568
185987538
194299895
211871429
183318290
41
42
152162760
92782623
81163082
249231110
112354096
222886923
43
44
5242686
191213222
88187684
205682283
70692726
25862121
205569182
85157956
235195641
51143895
136830743
45
172164213
46
54409587
141956052
99199524
47
73461685
18423907
105732499
48
49
50
49131906
51
52
53
54
55
56
79638112
189589397
72442847
57
68114440
98140220
224703384
15268638
119314427
187000313
172986040
245311464
128818326
216566271
221521857
115346063
37795661
235311395
246550742
26626672
124985372
239619132
103778892
151489700
166250091
237172644
201707520
129380549
30786917
128091943
165444869
234127342
175882986
107682432
67475352
123194075
216763203
45749471
10373115
162477876
23161914
89941408
40138761
167543028
158336462
199305778
151160147
249025401
14609788
177512414
187237684
84866492
72586554
8555226
87064123
169340364
75198013
78602582
214174936
11810741
191042064
109335809
164687713
12499514
89606414
231382657
230409412
182205467
199716268
193068616
126270831
136140075
249030765
62416659
83179457
31398947
58
59
7637440
160437491
88917136
60
98600221
227569827
61
201082242
25362514
114360610
Case 5:
299944596
249707717
1
2
208661683
79437383
259823977
243489321
299051062
268701236
68498061
301278941
67613096
260666071
148612840
236664511
60523425
3
242637487
4
188228126
240999892
189636691
264981085
42636316
162431488
181968227
42524225
5
161876839
65030116
6
162577515
7
197965007
147446194
219486377
126618389
318233738
165456036
211222379
108616736
59411010
57244943
91839450
231630278
220406124
306111438
236278257
312870726
133211915
122594863
200187586
75231411
268613150
36932669
225187027
143814073
