10000
45 100
5 1547
1000 10000
5668 5467
1483 215
1376 6172
2721 3780
4934 1234
6082 2473
8661 3149
1197 722
9240 2359
1188 6493
1 3
7 1
8 4
13 7
9 13
2 5
5 1
12 1
8 3
18 8
6 19
2 21
21 19
14 4
18 2
9 17
16 18
4 8
21 20
21 13
24 6
6 12
16 16
17 9
23 12
6 2
5 35
5 11
9 37
9 32
16 39
16 40
20 34
3 14
16 7
43 15
27 27
39 22
36 36
47 25
19 7
39 10
2 27
37 28
21 1
38 32
12 37
47 10
28 44
25 2
46 29
55 44
44 31
13 38
9 6
29 59
47 40
38 37
27 3
53 53
13 35
30 50
60 68
60 40
64 28
73 39
35 44
30 34
63 69
10 25
39 77
68 49
21 28
69 15
14 53
8 82
39 20
42 43
81 5
70 36
38 67
68 4
42 1
4 61
21 72
81 74
37 82
53 32
21 60
53 90
80 40
22 49
42 45
73 49
91 104
80 28
60 45
18 101
29 55
107 5
14 100
23 31
13 92
62 70
30 70
113 46
93 2
57 113
41 33
16 90
66 116
46 3
31 83
80 111
14 47
110 98
54 118
18 97
37 52
31 5
6 56
62 74
64 100
67 58
126 31
65 13
118 42
36 108
39 40
41 75
126 32
36 81
130 7
21 34
134 50
90 41
129 23
13 135
119 113
85 3
89 79
34 124
62 121
153 125
136 79
43 73
49 104
8 11
133 14
81 96
8 77
92 153
100 41
34 107
128 86
55 74
52 153
122 50
27 154
74 43
86 49
15 95
154 167
28 118
19 52
151 77
18 126
117 41
63 145
171 33
76 22
117 44
26 44
36 174
133 69
31 128
13 182
26 126
27 155
100 79
66 124
167 94
142 60
127 17
119 44
100 78
23 22
197 161
190 126
127 78
100 161
36 158
174 71
138 26
18 61
170 174
80 165
156 30
130 176
147 146
71 29
157 28
53 57
60 37
73 32
127 200
120 22
4 69
192 6
56 79
120 199
18 213
43 215
60 44
119 1
76 97
160 45
6 186
85 36
189 207
86 215
186 158
8 70
68 213
200 179
13 176
185 81
92 97
37 227
92 139
197 136
216 69
206 240
192 181
220 231
118 33
46 82
45 141
181 238
72 143
140 33
227 215
141 115
234 6
220 153
80 210
131 157
249 45
10 153
136 201
51 9
223 195
234 42
87 124
247 121
154 216
112 49
212 52
251 48
63 88
176 148
41 123
219 103
56 103
187 260
99 173
40 35
160 110
149 275
140 274
30 20
197 256
253 169
13 151
221 88
32 276
247 100
236 175
115 142
219 9
129 122
9 81
291 284
73 218
264 132
23 47
194 194
197 246
247 113
37 2
209 192
249 161
7 45
46 151
52 236
167 214
102 109
95 39
294 137
137 75
181 285
38 250
291 65
76 27
62 14
123 93
28 20
239 74
293 111
189 200
262 214
181 232
151 214
150 316
271 297
98 223
32 192
254 26
296 249
141 39
99 129
99 64
241 243
93 184
310 61
256 65
209 167
217 61
20 40
76 3
127 217
98 61
81 262
148 77
74 307
107 59
19 10
296 334
214 222
24 148
294 325
138 279
28 341
142 88
331 83
321 85
254 81
1 116
7 320
354 31
233 343
215 211
266 282
238 292
197 356
215 343
107 13
337 281
353 296
292 325
93 194
210 77
324 248
296 48
225 61
228 234
357 236
129 164
331 365
368 75
96 86
198 265
124 305
300 25
278 105
65 27
267 173
186 78
113 119
257 46
353 264
319 149
285 235
122 88
189 357
56 181
297 327
135 89
261 258
333 156
212 192
146 303
394 5
194 333
148 361
333 30
111 141
330 120
219 51
272 394
157 406
211 197
288 196
79 47
208 280
362 214
275 180
105 385
86 92
106 281
354 311
10 100
91 344
274 198
421 381
100 122
71 395
189 175
139 321
48 313
384 11
256 368
186 125
422 239
101 291
36 10
75 16
95 13
204 360
376 28
276 153
339 56
170 204
413 296
125 209
148 154
365 57
429 398
115 149
273 129
131 209
47 377
7 433
217 257
209 329
131 88
120 414
219 106
420 430
219 385
289 297
115 150
413 405
324 371
324 177
163 168
398 203
116 264
366 49
174 7
53 46
451 193
224 124
339 132
371 119
85 180
120 16
245 310
303 141
412 138
406 364
365 108
353 112
346 141
396 445
316 352
265 248
270 57
398 453
361 6
248 62
164 378
82 299
80 6
273 436
216 349
65 396
36 396
130 457
345 161
400 37
285 90
218 424
235 428
288 438
190 269
323 498
303 329
107 325
431 354
384 144
487 239
220 153
61 438
47 345
90 309
107 132
227 207
35 407
249 96
55 162
241 353
412 168
322 211
10 503
244 393
98 40
491 435
241 364
242 345
526 236
325 316
49 135
324 38
453 481
117 240
195 135
73 488
302 93
344 470
224 476
121 190
493 39
511 525
70 445
231 82
458 457
142 482
350 209
456 465
3 461
296 339
540 469
361 162
129 78
143 144
150 1
302 459
388 540
353 47
500 243
47 506
429 155
508 183
493 555
255 420
459 13
259 88
409 317
382 301
185 174
490 442
206 546
309 117
519 112
179 459
83 119
106 278
221 233
466 532
208 8
211 320
11 547
127 240
36 142
535 356
115 177
583 476
444 466
148 129
178 24
168 315
219 320
530 43
253 76
158 134
521 409
400 464
427 254
455 103
515 522
285 268
195 86
446 417
550 122
121 561
134 557
508 44
484 551
272 307
524 487
192 25
169 110
533 238
500 507
259 113
503 582
228 14
126 351
48 349
154 365
614 322
79 227
404 427
581 324
84 145
404 247
50 263
580 242
111 310
481 609
318 168
583 364
364 351
418 626
203 594
169 604
52 89
359 173
220 302
343 302
378 323
311 176
7 366
285 449
234 615
190 91
543 107
597 332
446 495
179 551
273 555
60 83
263 474
547 112
644 454
642 173
256 313
364 9
107 79
418 317
598 620
199 629
86 402
263 638
539 439
338 488
14 411
616 601
159 532
68 497
292 377
622 554
361 225
625 553
365 300
349 91
404 77
388 45
51 560
167 24
537 514
649 558
612 152
88 454
459 600
248 387
267 502
290 605
76 360
454 379
81 399
571 310
565 103
552 676
70 655
547 421
497 576
500 308
604 528
606 679
672 225
19 329
577 547
296 61
584 44
255 133
319 6
344 164
130 55
112 706
671 318
339 707
225 400
10 275
128 278
468 128
615 415
523 352
51 602
518 595
378 435
653 183
39 481
139 617
19 547
83 428
383 8
337 459
567 390
476 659
82 363
696 96
668 324
350 398
65 390
261 358
27 141
13 7
487 475
18 442
281 503
122 115
153 23
499 76
47 741
376 151
489 491
259 524
560 736
26 748
522 417
493 15
223 164
619 493
57 509
407 375
491 476
562 166
55 461
523 678
277 421
460 740
289 263
456 507
506 302
429 730
549 756
6 550
123 563
179 528
245 676
215 3
708 737
94 44
522 746
503 203
435 321
504 197
269 274
777 202
214 489
249 167
301 89
775 178
634 708
767 782
34 408
74 603
713 755
65 115
640 741
784 49
449 529
682 35
497 132
536 669
516 728
522 719
656 225
617 732
522 639
272 674
160 648
36 738
372 481
390 326
577 289
373 472
401 722
241 799
378 271
330 539
5 483
312 349
313 540
500 315
514 465
333 441
604 603
565 89
746 54
209 243
571 524
608 345
85 612
304 436
584 156
479 372
9 565
262 660
356 318
432 104
595 44
400 660
594 40
356 499
833 411
394 571
605 591
615 276
825 763
329 776
496 223
703 330
656 278
151 312
641 313
197 298
284 159
199 116
224 7
430 665
841 377
51 718
593 570
843 120
480 135
834 114
233 801
294 178
320 17
363 332
583 375
27 554
564 228
562 24
655 728
495 243
402 518
715 63
403 378
404 61
97 687
281 89
182 727
115 199
735 358
854 294
33 724
137 751
575 60
595 333
163 840
551 460
868 882
453 463
113 764
330 645
592 717
7 470
677 135
819 567
778 513
357 209
429 114
616 258
360 453
613 873
771 247
358 376
834 487
517 546
92 542
557 461
441 13
831 658
761 703
730 234
37 341
94 401
616 310
464 59
713 36
211 699
728 430
607 281
367 301
305 415
908 717
820 872
748 285
443 806
72 96
808 21
855 161
31 749
257 639
441 721
209 655
29 633
94 29
811 320
668 36
153 520
907 619
8 636
502 548
451 697
688 589
61 639
667 542
270 922
120 593
107 221
377 698
749 126
244 903
194 848
261 345
450 858
640 825
49 801
397 110
383 281
150 73
480 10
320 766
336 500
895 879
45 950
475 109
784 930
13 271
696 507
578 656
741 351
548 821
103 168
847 308
440 939
46 266
167 779
737 914
960 296
392 576
504 325
454 165
296 411
701 935
517 649
336 5
955 494
7 360
90 625
590 806
570 549
592 386
968 765
534 201
734 900
111 552
228 593
459 856
881 373
254 993
24 435
878 455
701 118
802 397
729 27
829 135
43 286
215 12
180 617
65 990
278 511
412 912
217 83
189 131
288 709
136 113
851 945
696 526
406 806
638 641
693 399
126 22
104 204
534 991
38 154
4 800
472 425
680 543
511 323
51 217
811 881
28 190
556 818
561 248
177 445
433 566
102 420
974 709
508 48
753 570
264 330
169 692
291 327
597 223
77 536
424 455
933 275
314 657
988 742
239 359
311 153
484 813
796 947
548 848
985 903
595 713
1040 445
687 230
384 576
821 600
765 1034
918 108
958 359
572 420
918 347
186 520
559 337
679 593
991 539
736 948
197 305
706 588
1027 460
848 692
209 1039
629 265
405 562
462 626
616 174
931 527
348 911
1042 676
71 349
252 166
214 933
123 311
667 457
739 203
301 719
1045 896
1026 593
463 968
542 1064
933 955
782 275
773 448
144 746
358 430
195 376
199 176
11 817
714 898
155 975
762 157
582 721
638 501
633 705
236 1050
1007 548
750 666
796 623
494 1064
800 765
511 309
635 724
580 148
900 142
164 130
171 1086
213 559
414 467
203 973
649 1024
1087 470
930 764
706 671
378 935
788 646
841 783
150 1117
48 376
936 186
42 940
66 326
247 392
137 858
1092 348
726 754
456 206
205 655
893 859
106 876
789 905
1002 78
762 1057
309 196
539 1085
1131 752
373 197
700 857
670 992
639 477
693 13
828 893
472 980
576 50
329 359
698 352
71 257
960 519
294 623
878 183
1016 1049
513 313
852 310
903 196
782 95
737 970
877 1029
422 847
928 667
916 115
574 920
1157 14
594 1034
86 223
564 52
845 473
21 1085
529 1036
57 250
1127 1030
155 456
237 495
252 713
746 427
27 204
341 486
820 616
667 444
253 54
301 286
250 1029
306 575
90 1153
296 146
346 519
883 911
225 658
656 100
274 497
421 1178
65 722
119 1113
195 1020
545 832
932 532
513 658
358 81
351 966
436 910
307 496
992 741
232 1015
320 817
719 629
478 12
257 1165
224 656
443 227
1154 830
552 221
448 637
615 637
801 421
338 51
511 510
1050 1053
939 445
322 744
1119 450
369 517
1210 379
571 1116
344 1013
409 343
538 22
1201 307
285 888
658 787
766 449
814 113
51 880
675 146
906 199
46 119
457 51
228 1184
936 649
644 1236
945 962
609 687
307 236
17 254
35 422
371 248
867 952
477 340
1187 897
857 400
215 98
634 1020
275 698
482 804
1012 87
1111 701
271 1009
213 140
981 359
852 624
653 335
156 275
18 1086
261 796
222 220
102 1268
656 1063
283 736
79 1122
930 84
1120 232
1157 735
740 819
374 636
456 1007
1025 872
383 568
95 270
600 349
651 1061
1116 2
1126 45
214 637
47 35
705 124
517 252
719 673
911 1206
248 1262
283 540
771 1229
856 353
14 367
447 866
301 46
1023 213
479 101
365 1169
257 1221
901 433
282 1085
720 918
676 1033
1141 758
965 1074
358 1140
480 873
1238 302
1220 613
295 988
781 880
1278 640
650 1278
447 719
1201 806
340 115
710 382
376 837
664 894
978 101
1109 1254
117 419
21 282
703 1044
939 924
318 110
19 1132
1075 571
345 411
143 414
965 1313
498 59
301 1311
738 129
1335 1049
174 585
891 863
1324 1102
1115 57
1128 424
478 1147
93 900
1157 757
1171 711
740 557
29 317
1198 766
1018 539
1242 270
477 125
669 1024
182 1327
1088 889
253 909
169 461
1124 762
545 241
1334 907
1237 57
868 1111
139 376
1000 1041
325 548
963 286
653 612
1082 941
150 215
96 1061
58 617
559 1352
473 223
1270 224
108 984
271 234
324 1256
1198 195
1239 125
973 619
176 452
536 946
879 575
404 825
161 941
855 701
957 637
991 165
817 550
319 255
114 790
1163 494
1146 47
458 1114
835 871
535 435
351 973
147 636
640 696
749 1297
95 1379
1345 1134
334 48
330 633
250 1243
567 657
622 116
1281 812
142 1070
867 753
1321 624
427 1036
1228 288
998 572
564 980
1216 587
508 825
1239 74
357 162
287 1230
76 150
161 793
277 520
1265 1060
1054 768
582 386
1173 945
769 760
1189 308
316 876
1342 143
1283 992
1192 906
1073 887
1426 1360
365 708
159 78
676 651
1347 517
1145 442
1076 222
1418 561
879 1086
1035 904
611 1282
221 1059
714 501
717 1162
1107 678
567 972
349 911
143 1366
1211 1020
1248 753
1286 44
273 1144
293 1059
1151 579
954 624
636 1095
86 1009
363 1408
279 757
424 248
36 550
449 288
661 973
511 1407
295 1431
123 640
484 1186
1041 361
1001 972
966 861
330 1201
1288 1159
222 1162
1414 227
835 1103
545 564
196 266
182 926
1277 676
975 1015
988 296
695 58
1295 434
408 579
856 477
146 449
1381 260
398 121
243 917
629 750
634 930
1122 897
599 1281
1042 366
1175 661
923 433
1170 86
299 1498
1216 793
829 1253
353 1153
1114 27
582 822
143 250
1300 1057
609 558
393 779
669 1041
817 448
1204 524
1115 796
486 1298
1361 938
1203 757
422 1290
820 523
1061 832
794 657
1526 660
1524 91
1211 447
1420 316
452 547
507 1130
1398 130
1071 1291
1439 1338
168 1487
609 1068
831 27
426 378
1243 578
344 167
1026 454
1043 239
489 581
254 798
301 1416
31 685
630 773
466 800
258 1237
320 1184
154 1280
1321 659
1284 1294
475 181
433 114
1098 1154
839 1179
1491 727
1212 698
190 871
642 1245
1267 848
842 1181
380 674
897 451
1107 119
938 864
819 663
738 1124
989 770
1284 116
1383 600
404 670
847 1035
1470 1551
394 305
446 486
410 1443
134 150
1361 471
257 1512
752 1096
1220 992
1349 514
556 1558
1512 108
1420 989
575 402
631 713
1513 267
1150 1280
1316 453
1209 1300
1432 271
700 188
1405 487
589 886
1327 1512
350 878
1192 281
886 428
1530 446
1523 974
1457 1444
1130 31
283 1254
1063 1500
258 523
192 197
738 172
635 502
964 476
1548 683
340 56
1367 297
1524 87
1452 63
1312 1273
332 827
1530 109
698 1246
373 1532
737 1414
1333 1314
630 1459
1154 255
1575 719
1473 835
94 467
1496 249
244 458
608 146
1405 1492
715 1088
895 1252
1310 741
735 1028
26 424
889 1333
1429 243
986 243
509 1500
522 575
1594 239
1244 1152
1263 951
784 101
597 930
1553 502
303 476
956 1315
905 797
431 454
1593 561
970 1388
146 1253
1206 571
683 1399
80 321
389 1098
1561 1053
865 1049
1554 1632
508 864
150 1344
94 809
1445 1569
563 201
1317 999
798 1477
1608 258
99 529
1060 207
44 669
137 1259
951 320
1257 408
1271 198
1665 690
827 1076
1586 1211
55 810
1043 796
543 976
1374 1403
1657 897
25 888
1658 1294
306 832
587 943
1682 521
1028 290
1067 537
716 171
1632 1503
1466 645
1500 1633
1050 183
535 988
1678 1023
487 807
1648 915
72 1142
901 213
551 1407
652 669
1700 1472
944 1436
1035 97
972 897
952 426
1139 1707
492 1493
1261 212
109 1289
948 789
540 1045
1458 356
1486 762
557 565
262 1078
1165 697
730 562
702 77
94 1207
1229 509
1057 1576
28 832
1195 9
876 374
1597 333
813 27
1337 1135
1617 2
215 1368
810 1511
556 1228
1349 1454
640 1244
627 665
1459 954
1633 496
672 1413
1167 122
1173 566
1220 910
1352 732
1273 537
577 677
1539 456
365 573
468 627
1148 1509
661 1754
558 595
1715 474
1102 154
524 1305
977 791
194 1265
1234 470
1174 390
4 254
267 394
1708 659
189 1677
352 797
1522 136
1533 713
932 754
567 736
1378 1597
998 1082
150 172
1316 748
669 126
1047 937
1166 426
89 1224
873 882
263 1091
754 146
555 90
1029 543
166 91
1361 271
908 310
356 973
1351 1351
61 1258
527 312
714 1272
700 1261
902 1127
459 1699
997 1678
352 254
446 1036
1552 901
1261 1247
433 482
1377 1290
110 251
1300 356
852 1553
911 1481
1729 1598
880 1496
408 1738
1140 125
1096 1473
644 690
881 1498
553 869
135 1287
42 1793
257 1231
135 516
385 947
1772 382
699 266
1760 63
977 1613
566 662
1738 1226
1703 33
1458 1392
1098 801
959 1744
824 956
325 1743
228 1068
1103 1241
1782 264
1374 1623
662 1720
620 987
1266 1343
262 1700
725 249
1605 1000
564 1571
148 914
934 1304
497 341
665 1761
303 1831
690 1489
406 536
1723 17
938 244
39 1298
756 716
142 1846
355 659
389 842
192 883
1726 1335
1710 58
157 1086
351 1770
706 931
1536 1845
494 968
472 893
1552 1115
1565 1182
611 1519
1868 1438
1077 928
400 40
926 1008
244 1201
1836 1365
413 1006
320 548
1042 1057
553 962
1041 195
1358 192
532 567
943 1051
1619 587
1573 1488
1124 1425
1545 136
154 1563
215 1364
197 1557
1433 1489
1455 1838
9 466
299 59
1163 1179
1144 1136
555 810
992 1604
1214 992
1225 150
459 1052
1163 372
568 1702
502 1266
410 62
1505 1631
242 1816
406 1689
444 219
229 1257
1337 83
937 32
525 1605
1498 112
1568 819
1180 834
595 1084
708 451
1257 1519
1568 975
333 1141
704 662
1180 581
213 1764
1503 1440
1468 221
1763 1278
188 636
1283 266
1780 741
1444 303
470 1325
1834 1471
954 1679
86 497
843 513
1465 929
1842 1441
260 1172
575 423
20 52
476 1451
717 145
1502 1024
566 1360
1852 1925
918 1687
1460 726
60 1070
325 155
1713 1925
781 689
741 779
1346 1587
696 872
748 1759
1149 1896
394 1627
1705 1462
1482 95
583 1152
433 1694
878 804
896 687
300 1293
1147 1715
892 1108
86 1642
1403 1307
385 1188
442 313
106 502
352 671
163 1926
304 1274
365 773
1692 497
1277 906
886 409
191 1453
1104 1943
1434 1051
726 1163
203 1821
1249 1912
626 590
365 559
1209 175
750 206
1160 737
286 927
699 141
1342 1021
673 121
1197 387
992 1897
1578 345
975 1615
1078 159
712 1228
1521 699
1527 438
573 1839
1953 1715
682 1364
1894 1309
1011 1878
1518 110
1692 457
1368 1538
1645 446
1899 1768
1027 398
1196 1655
506 658
1823 1668
609 1947
675 1769
302 1034
1366 523
1246 258
886 957
416 688
803 1042
392 999
456 89
1752 757
1801 317
1003 515
900 765
754 633
298 1390
586 1889
398 32
629 1494
1550 1387
1452 1272
1179 1062
286 46
1750 1834
464 55
1001 569
1759 555
1885 1313
482 703
404 867
1172 795
983 1457
515 1365
1935 949
1854 466
710 1012
1941 1093
897 588
1783 471
977 659
413 1512
936 1244
105 593
739 1338
571 703
836 862
971 1453
1564 1407
1222 558
1661 1959
76 1650
1725 393
617 14
2053 871
35 1227
903 1060
1343 2059
881 159
1306 432
2057 581
1688 1535
26 764
104 602
662 1222
329 1797
580 1377
489 564
373 86
472 1178
572 305
1359 755
445 1900
1253 664
887 1193
1260 1152
1200 1273
1415 34
1201 1227
2093 567
1239 1651
453 1713
1312 1775
1391 343
1210 1620
1441 610
504 178
65 1781
2058 1084
81 1782
1533 1325
1213 1454
685 1813
1657 1792
283 647
1002 1487
904 1310
1906 523
557 258
501 1227
728 1468
534 677
36 120
433 1168
2003 1721
1089 933
794 653
105 1240
377 1061
962 42
1446 2054
889 607
1403 1979
456 490
988 91
1923 1066
2096 460
1465 1892
1464 1907
1545 94
1067 1393
1894 1390
1014 1382
1652 697
1049 1148
661 572
1514 306
2141 688
196 1915
414 1127
571 437
915 1828
198 270
115 79
1424 1738
314 1256
1276 1216
800 329
1019 722
510 79
433 1854
2116 973
2148 44
1878 258
2016 253
94 1561
1838 1654
418 286
2140 924
104 89
2015 1009
1389 1127
1341 1876
335 45
2154 1437
1893 1261
7 1333
1877 122
190 1300
1980 1788
1812 2007
1518 1177
566 1263
836 1400
120 1766
703 223
2089 2159
2034 2127
1324 2068
43 907
2151 1046
829 2052
1211 1890
1673 607
1848 2119
1444 1621
1305 1397
23 591
1002 1167
343 727
2164 2143
2094 972
454 109
1451 235
1673 1525
1707 1962
1240 2016
1252 319
745 1015
1836 23
1701 698
101 1416
63 1719
1377 1154
63 1965
1720 947
855 1521
1563 1305
488 1274
192 367
925 155
2200 819
1373 784
380 397
504 8
1077 894
52 479
1245 778
1755 556
307 1707
2176 1903
1133 1271
362 602
2191 1049
1291 1618
2038 1994
387 143
194 1014
1661 83
1537 592
421 1512
942 1973
629 2039
2190 2036
271 2208
1975 769
704 692
1715 20
754 190
1810 861
728 1063
81 1750
666 326
889 1978
1675 1336
824 2241
1618 429
1705 928
1645 39
482 979
2105 1327
2211 1629
399 1976
1624 1219
677 499
1200 1164
1208 1101
1001 1770
1235 799
805 63
1613 915
1784 392
1716 1023
35 1374
251 2207
1823 1078
1897 1099
1232 374
26 1121
964 2183
185 551
1972 1431
2019 1823
1737 1987
1715 2252
957 1830
2236 1579
1104 1298
1158 2025
1316 68
986 1052
25 98
589 1589
358 901
2284 1795
1878 704
1365 1734
2020 1938
1320 558
2244 1260
1399 1519
930 1407
1256 1393
1798 2197
1727 1835
1400 1045
540 1730
1254 2027
235 1852
268 1090
2229 1946
972 223
1378 1132
1754 72
1056 2223
798 74
1079 619
797 817
258 185
76 878
957 1428
762 766
514 1809
2034 1084
996 493
780 1268
213 591
429 2304
2111 2098
403 2026
555 1604
727 193
2079 1382
1867 1085
756 1313
819 1338
1328 958
1024 307
1959 1263
1487 1768
730 507
108 1763
1137 59
1089 2230
451 1882
1078 855
2280 420
1070 2082
1947 19
407 1179
935 1899
171 1801
471 941
312 299
644 8
1245 78
2326 1947
485 600
1388 1434
1646 371
402 1778
717 1660
548 562
1601 1799
1094 552
856 1714
635 1135
2026 1744
1537 1369
1839 1959
1072 33
1001 371
1518 480
751 1371
1961 1513
1377 2362
39 676
1818 1356
145 1852
2018 109
1840 1827
581 1954
1308 356
1181 1123
294 69
1992 514
2001 996
1186 787
456 113
1730 676
305 1744
282 738
2178 173
1958 920
1203 1409
777 1768
1014 114
87 1404
1433 834
350 1677
1487 1634
81 960
144 16
2010 763
274 1515
565 1513
221 2388
987 572
1663 120
1857 1096
838 1151
645 1219
252 1104
2374 56
2129 881
1894 722
680 2183
224 1967
909 827
431 1953
1648 1619
818 197
150 1549
1373 1059
1557 2087
2343 2175
591 1655
1335 1153
909 1093
90 765
101 1485
1659 1407
602 1572
1103 1281
9 355
1654 1916
1742 348
607 1358
391 986
435 701
804 1481
1432 2385
422 1246
2207 1144
995 150
362 1428
773 2307
1899 1227
2398 1103
224 1602
863 1028
2413 554
31 33
1429 860
813 865
158 1155
761 2281
1707 860
1210 1701
123 751
1307 552
168 108
437 2426
97 527
738 1569
348 999
2126 1553
806 212
520 2287
76 265
1655 2322
1212 1824
1694 996
1714 181
167 777
1557 2122
870 865
818 958
1160 944
769 814
2414 1473
2038 1904
400 74
2001 1615
780 2302
155 1962
1540 821
673 1193
1155 2407
2267 747
832 2300
1966 2056
560 1247
1481 394
2325 1948
814 874
1214 1342
784 1520
1318 1305
1145 1434
1499 1778
1308 1241
2008 423
23 2309
2318 1125
546 2064
730 144
630 321
315 1123
1573 543
894 1229
1424 1436
2290 787
1328 227
1370 1959
1311 156
2087 526
1957 1006
2497 2459
112 1019
944 507
521 1512
898 1209
2043 1168
1217 2354
757 1837
463 191
1515 2265
916 803
1263 47
842 2473
2169 1095
1408 1512
2063 2369
1062 304
946 2454
2108 340
1891 220
1196 712
24 2310
1783 1661
2019 1037
2045 1733
2208 2292
826 1256
2421 1277
1787 1412
201 22
891 96
546 2505
1902 1630
63 1607
1130 267
627 240
1361 963
1604 2036
1290 1054
2157 647
901 844
295 7
1118 19
2526 2320
1075 1586
2291 1856
589 461
1766 1726
1326 907
21 1109
1042 516
2298 2071
44 796
741 2327
804 802
1796 1986
1874 1171
2056 1740
2301 1944
1913 778
2498 919
490 1912
856 393
370 1545
2019 1561
1704 866
1440 1381
2364 1498
1370 53
77 1147
102 1136
696 1095
1691 785
1465 367
2296 530
2467 47
1407 1817
1557 214
939 621
543 754
527 1365
2254 2435
2446 1761
1937 96
1905 1280
315 273
1242 2468
2241 486
1811 2088
409 2510
757 1561
721 232
1278 71
2396 56
2423 1628
2357 1056
438 1130
17 1879
651 622
216 1306
2498 1333
205 2445
2186 402
1038 846
2178 2553
917 1830
873 1926
2501 389
1990 1581
2409 36
38 262
956 2044
2280 2330
1593 1957
2391 1447
615 1067
1890 1217
2159 730
64 400
2609 1487
546 1759
889 1873
166 2271
2359 2445
975 878
2304 2568
535 1595
2108 109
2408 449
273 1148
1730 517
1392 2404
2210 1439
1673 92
964 140
888 314
785 1148
2195 574
616 2233
1469 201
554 2211
2426 2267
658 364
1501 156
2158 1327
138 1727
2481 1185
436 665
2036 1907
206 408
1359 749
1404 1607
1791 2080
1518 979
1566 293
1721 2472
114 427
2301 1051
2451 1543
2518 1248
620 2086
2278 2661
341 2624
299 1609
1886 224
523 929
521 1879
660 2245
2397 1791
864 2186
1809 2512
769 715
164 87
737 299
2267 1415
1696 1938
1061 2637
2287 1942
1186 1122
1064 1844
1971 576
2370 2597
2333 334
1842 1421
2263 679
2329 920
1296 537
2195 1465
1453 2617
745 659
360 2418
2467 1082
1916 1980
1536 1143
1780 644
2337 271
981 1392
981 1897
1408 2352
956 1046
288 604
1050 1754
392 1263
1383 1931
880 417
2644 2339
121 90
1991 2143
1082 1424
7 744
1356 2071
2360 402
2578 2083
2210 2195
2086 2726
212 2681
1143 1935
1959 2406
652 995
335 585
1451 1906
292 847
2191 1410
355 202
1461 2731
2570 1615
2083 1003
2662 749
2394 2337
2392 2034
632 2367
2424 1542
1005 47
1906 1856
138 411
186 2114
2185 1374
1497 539
768 1300
273 1410
467 733
385 381
474 2745
1375 1182
989 1054
851 920
869 711
1840 1508
832 2311
266 33
2008 1205
1367 1159
1840 1643
2611 1532
1310 694
599 2384
134 2196
811 2643
686 2440
1886 196
1091 48
2227 2376
572 463
2566 51
1201 1670
1112 327
561 346
2107 2267
1909 1230
2024 2315
16 1711
958 699
2170 1139
1991 2431
1773 1999
2297 2081
2542 2418
1357 1953
726 36
1416 645
561 1489
163 2127
1515 2127
2086 2143
1521 337
1554 2447
1479 2289
2046 2588
710 609
517 635
1183 1223
1270 986
2429 2185
404 330
659 2095
1232 1591
854 1528
304 200
317 1617
2023 1662
97 1421
473 2074
1533 891
2703 2763
2541 660
825 132
556 1942
238 2366
1387 1183
2208 1414
1258 2586
1316 932
367 2668
1162 1003
654 18
80 1749
531 1694
805 2641
764 2644
1256 2111
2624 2240
3 178
2025 2625
1857 1809
2614 2462
1119 913
952 1027
2437 25
1475 997
830 1127
85 1128
423 808
1365 50
2710 1683
2827 1209
578 1200
948 1268
590 2598
1752 2355
1679 2001
1796 1061
688 2846
851 2768
1098 2673
760 347
2647 1743
1421 1388
1922 1714
262 1233
1110 1437
760 1862
1878 2520
261 526
2117 552
569 249
1752 1147
1104 1677
2749 1779
1181 982
2005 2090
1183 1142
1344 1698
801 1376
2314 907
2 2585
202 248
685 1138
793 1708
130 2016
2505 2794
1917 1089
1155 926
2574 1160
2392 1167
1526 1405
292 2756
1805 32
959 1754
2471 349
706 680
1151 1234
2705 2290
2842 2855
822 1335
1438 154
2243 165
1695 269
685 868
1851 1139
461 2134
1854 1110
1560 2352
1151 2880
1612 1662
1179 100
117 1705
1486 1953
773 2886
1957 1371
2004 1311
2701 599
272 74
2744 1771
1602 321
1043 475
1567 2913
339 1490
1761 374
279 1398
309 2229
307 165
1526 1853
533 1504
98 2780
1355 2327
1130 1628
1712 1102
1543 909
1929 1948
602 470
1097 2723
1395 1223
314 2700
695 917
1096 954
2897 792
557 2680
30 2713
655 585
559 2255
317 60
49 615
2447 1501
1909 766
2387 2185
889 959
2319 1109
2167 1682
2485 874
1298 1838
588 8
1883 364
1897 2876
2189 29
2023 1684
2274 2443
2823 1657
65 1368
1240 1130
2537 580
1006 368
2554 139
1194 503
79 1121
2167 328
2753 2904
1595 2281
111 2098
955 2880
2839 2328
1670 867
437 883
1312 1706
2386 1958
2665 2457
981 2327
1005 2626
706 2231
989 447
2061 1152
2358 451
2325 108
1791 325
1741 1323
1954 870
612 1362
2464 765
1936 692
637 2327
204 1705
2622 2411
2371 912
1555 2405
233 1206
1645 466
2622 194
1148 2662
718 1978
1330 1574
1295 2028
1799 2813
407 1944
1321 885
910 1521
1262 1231
2198 699
2892 1328
2312 196
308 688
635 521
2786 463
1072 1953
1560 1427
2820 81
411 2237
1404 1496
1153 1736
2222 1102
1214 1700
1702 2427
2415 1450
2249 562
1926 2319
1462 130
1549 2660
2040 2864
773 701
2321 1076
1113 1917
1199 2490
2081 995
814 2345
69 963
679 2767
1019 178
500 2040
586 331
1981 70
930 703
2991 443
69 1535
2315 898
2337 1716
464 256
2335 1194
2286 2940
858 162
337 1572
2451 43
2623 1872
890 872
2510 2017
763 2792
442 1968
1827 1049
2474 179
175 222
2538 2963
2876 1016
2620 2664
1060 2358
466 1935
1122 215
2778 1066
1629 882
245 2489
18 254
2174 2451
518 2617
1800 615
3071 2976
1075 291
2702 36
1427 501
1554 3072
573 2717
824 1008
2067 1861
1164 58
2790 1374
1035 1458
3003 2512
1538 3023
743 955
1792 2606
334 1300
1859 1364
2116 729
1362 233
1167 665
1969 301
1821 553
507 2933
1121 2188
1646 1525
277 2057
1267 2591
1119 608
239 2027
2458 2211
1722 2163
2902 831
597 2639
3076 1742
1383 428
1233 1854
1251 493
2151 2719
2476 1726
1732 3092
1662 1285
2143 2564
117 2765
2466 2439
2384 2636
2933 1145
2809 1020
2166 287
2565 2695
798 194
2408 661
171 1953
1793 361
1445 19
586 2766
2380 2478
1491 3105
1956 464
2995 291
2608 590
775 2336
2476 1303
326 2034
1287 1453
2989 2044
1534 2436
1121 1136
2071 1009
1948 2517
1111 2076
280 948
3072 1073
2667 1101
174 1551
924 2521
949 1516
692 1352
855 297
2588 1590
256 2416
1696 2704
2568 945
52 113
523 152
3106 1884
1859 314
1616 2787
1649 431
607 2224
137 632
1641 2426
141 2810
1311 1200
461 1538
2633 2138
3067 465
314 1838
1948 983
823 150
2165 1602
401 798
832 1674
944 963
2543 269
915 246
781 1080
1734 2678
2051 127
2933 766
2532 668
1652 3093
558 1160
1891 1783
2239 2201
1152 176
69 1404
1521 1113
3047 2803
2592 1161
2298 1589
2774 2935
1616 2784
162 2771
2292 800
1482 64
2248 2568
1637 124
786 1612
2246 244
2653 377
2394 697
1037 1862
750 2528
1136 2045
2987 2761
2977 943
856 925
1706 1999
1371 1069
2112 1412
2787 2407
26 3174
2092 2169
191 805
1547 1987
2246 382
1710 2276
3127 1875
1083 2403
391 2810
1982 1463
2934 1843
1597 644
2197 438
1848 1420
1051 808
782 1374
3106 918
252 3118
2797 2172
430 1913
1771 2304
1409 2150
1001 1304
2809 709
1656 419
1686 3079
2279 855
2765 1788
108 218
2143 167
753 680
1786 2373
3243 1706
725 1804
2116 681
1420 551
76 620
2822 2493
241 720
1950 3125
1166 830
2221 560
365 1278
3088 174
2824 811
1207 692
721 471
3195 2034
1256 1930
1065 142
1771 2179
2522 1863
1492 985
1149 3023
1488 2384
546 1187
965 2782
1621 1447
824 2190
1533 480
1391 248
882 1427
217 2165
2356 33
2288 3267
2664 2566
3099 643
794 1895
2065 3014
2070 2217
1181 2876
958 2647
3001 2824
1304 141
2679 1368
364 475
837 553
21 680
2599 2932
93 2226
873 1278
370 2832
2892 704
414 2943
87 1114
1289 1120
718 2963
2577 1609
933 2287
2799 64
524 787
2420 249
1955 1395
1402 2394
380 777
718 711
3107 2278
2450 1074
3238 1171
2467 572
1851 546
1321 620
3157 1097
1409 778
54 3254
1155 827
285 3127
245 149
571 302
713 479
1447 1343
2528 2717
508 935
851 2814
849 2708
1891 1474
2543 351
1844 498
823 359
491 3239
902 2640
1729 1281
715 2118
689 1650
1033 2195
1116 1122
794 896
2802 3101
2299 2884
702 280
1812 2314
98 744
2788 2247
2657 2637
128 593
234 1035
2431 350
792 2970
662 654
386 764
2874 571
2300 513
1223 1092
1100 1518
1241 1076
1807 1604
1017 62
1895 335
1930 741
2490 402
624 1086
24 1768
2750 242
3269 1173
118 351
2686 1102
576 1612
216 2026
1487 1056
1587 412
9 2046
2586 1193
2998 1111
2133 2951
2597 1110
2998 1856
2694 79
3215 2760
1037 3199
1626 1750
1850 1394
970 1044
2437 877
149 2707
310 3276
3249 1152
1049 3245
2724 1020
1028 382
284 1697
1392 2017
1154 3126
1868 2912
2300 1556
2482 1267
2797 1545
1163 2823
135 3136
1012 388
1173 331
1220 1811
2260 820
2028 919
1844 2310
410 1146
2166 300
613 845
2232 1778
564 2744
1454 2645
2687 2050
2318 799
442 2493
3260 2942
2725 1572
464 3141
3321 3374
2776 1230
2442 3213
2614 2665
2738 500
312 2334
352 3021
949 932
3247 2615
2330 2889
1431 2369
1317 303
709 3236
1039 3180
2203 3235
1641 3266
3296 2976
3043 3187
1917 745
1808 1938
1778 1747
1261 1457
2346 1928
559 1888
349 86
2289 498
2563 2991
2765 2
1212 3278
3383 650
2006 1068
831 2602
54 1154
2645 3285
1198 3154
994 1993
836 1600
3413 671
2703 1542
2743 220
1037 713
1258 2837
2813 2992
1912 1271
625 1080
1984 3037
1046 2360
2812 2811
427 1379
2979 524
1259 2060
3209 447
861 2451
74 1903
227 984
2964 1961
1349 831
3355 2081
2279 1660
2310 180
3306 3013
817 3013
1772 2812
2712 3419
1631 1160
329 1037
1728 2806
2176 635
1272 2787
2474 2276
2795 1025
3336 130
2895 2417
1050 3434
2795 2086
70 2506
920 3043
771 542
130 1637
2838 2122
1454 557
586 496
2743 385
1297 2577
3020 2569
2919 1858
404 2632
1940 2467
3452 954
1480 2217
2796 3448
593 1070
59 2954
1709 397
2585 1527
17 310
2811 2981
1419 2620
2431 1210
826 2406
2512 2972
3197 2297
2812 909
2996 1169
1796 3079
1774 2775
3476 963
282 886
1931 883
1747 1701
2675 2807
1502 2750
1127 297
2964 3248
1139 54
2796 1246
3454 133
745 1397
1693 1302
712 3116
1671 3359
710 3414
2659 2718
3152 685
1056 2534
2762 3277
2424 801
3490 712
2831 2876
2330 2928
2939 3015
2479 387
1516 299
933 1041
569 1057
339 2195
1264 960
188 1113
1736 930
2619 942
457 3322
3432 2797
139 2365
2629 2542
1608 795
2816 1116
2085 1022
786 1198
2258 359
1365 1706
44 2594
2455 2788
1852 2143
725 2615
3564 2904
3306 3206
2304 1168
2237 701
1466 2760
2471 815
853 2185
814 52
2383 2605
2807 1750
3178 1617
537 2035
2450 2104
1599 2722
1420 578
302 3423
1719 3177
1220 1279
523 3399
2715 1183
2309 119
155 2605
2949 2799
2919 2697
1386 1514
233 2864
3179 1632
74 3211
961 181
2742 2335
973 861
2846 80
1413 2048
3418 1370
531 2640
2071 1842
894 557
342 3154
175 2769
47 310
2445 1048
1149 386
3372 236
2208 162
975 2650
1804 3523
1434 1375
1984 98
3415 2440
1509 340
3319 130
974 3617
2964 207
2487 2243
1944 3058
811 73
1690 204
3045 1402
934 2974
2598 2347
2050 934
1312 201
3066 2301
3597 3373
419 3073
880 1573
2729 1502
784 3380
1440 2737
514 3052
3280 1846
3524 411
1823 616
863 2650
145 1694
1190 17
1780 3542
2310 1200
2484 502
2435 3437
615 1508
1825 1731
2463 2996
3498 3286
1882 3403
2288 1648
2115 2318
3548 1583
2564 3410
3463 585
1285 180
2165 11
2890 3305
839 893
2869 1379
1333 3421
2959 2136
3362 1054
2922 1475
950 3498
656 305
3463 1477
12 1398
387 2487
1752 1573
342 2953
441 3334
3054 145
1735 204
2954 978
17 444
514 1397
446 1060
3103 15
3482 2395
3443 2953
2129 1932
1864 2697
1569 406
1507 3216
2571 1809
772 2839
1030 2623
1260 122
699 210
1927 3142
44 1612
3363 251
2465 1237
1042 2234
279 878
195 2393
2031 886
1295 1538
3376 2032
435 2700
1889 3247
3368 684
2501 453
304 722
3468 657
1255 1836
1874 2456
567 1473
906 1106
28 1909
2857 769
2871 485
516 679
194 2309
3046 2119
1830 2084
2015 2711
3323 878
3500 1712
1207 3158
3129 3196
2397 18
130 687
1374 1794
1347 742
821 3232
3223 3463
1443 1920
3351 3179
1359 834
3019 1777
444 3666
2111 2083
314 771
2323 986
1064 1413
2694 615
60 2619
533 1042
2649 2887
1976 991
1261 2840
3146 310
2330 1023
108 3035
197 1109
311 3398
2130 1881
1528 3478
3337 888
916 392
284 1804
3155 1893
3622 1307
451 3344
1495 1506
180 1852
1387 1120
410 1382
2289 1475
1227 153
3100 1264
1713 1931
1996 2223
3367 65
3486 3084
1413 133
3755 1529
2090 3646
949 2268
3380 1494
3180 3749
95 2080
559 1222
2823 3672
2828 3651
1271 1348
984 381
1430 1800
733 2483
3009 564
743 3586
3664 198
3101 1500
710 1612
3531 792
1432 3007
1825 871
733 1166
2091 3548
3305 28
3074 72
1687 910
678 1522
2314 1100
214 3727
708 1823
3802 3729
123 1862
3199 343
2944 2633
3343 2522
3215 212
1275 971
1341 21
3343 817
3623 3737
2455 2427
2620 1430
754 2835
2301 1288
2529 2172
978 1993
327 3267
3071 395
2226 1380
3690 2496
3453 3526
172 3661
3737 3622
1068 2392
453 2767
402 648
2503 909
694 1743
3275 3220
1199 2380
3231 475
359 82
244 3782
2387 1181
2585 1081
2552 663
1681 647
728 2993
2988 3623
404 798
2050 2864
2154 3168
1932 202
1655 3266
831 2824
1752 1690
3051 2577
1850 687
1923 330
2065 805
3355 1053
1192 10
612 1206
1359 1137
994 2978
1093 3612
535 741
703 3810
2357 1881
2345 1764
1090 205
583 1493
3310 2818
152 593
3683 813
687 1739
586 3654
41 879
3164 2970
985 3676
2521 3415
2572 23
1599 604
1425 2165
406 3374
3172 696
2109 426
649 3023
2450 742
2654 369
1703 23
3094 294
839 3185
3097 2031
2062 457
2829 7
1348 2255
1181 2715
1530 3002
2703 450
935 3854
3699 1389
960 1385
1382 1057
1697 3148
3310 1342
3496 715
2606 3087
64 3352
1946 3791
254 2564
2117 1397
120 628
1262 731
2241 1948
819 3833
3686 1624
1100 9
1524 3087
2442 1178
897 929
269 436
851 1299
2879 221
2163 1586
2404 3318
882 1144
1455 3663
352 2846
3357 834
548 889
2371 1513
1 1020
3119 371
1457 597
24 3571
499 688
1119 2178
2670 3000
3184 2313
2249 533
3229 1273
3578 389
3520 2969
1795 2543
587 2501
1944 970
224 1027
3413 1534
1434 23
2270 1739
50 3799
459 1431
2956 2212
1131 3209
1659 3018
3011 2877
3556 2530
778 2530
692 1258
3522 3787
1767 295
2060 28
3378 3078
870 3696
3592 581
362 1883
1010 1295
3062 3500
2929 2077
330 1691
1174 2009
1755 929
3414 703
3669 2314
250 1727
1664 1557
2535 3657
3047 3779
1744 2339
1891 2081
922 166
1444 528
2009 2862
2553 13
620 1913
2440 1009
2586 126
2522 1025
2768 795
777 1201
3564 2315
2229 3784
3969 3976
1434 412
1916 3281
1691 743
3448 1643
2438 3114
3803 2293
861 183
539 1067
2045 1525
255 448
3933 681
2828 1238
2821 1422
1728 3650
3229 1934
1289 1908
2732 3468
1780 2513
1772 998
3454 3044
1734 3952
3043 3484
1851 3281
3440 3726
3301 3997
284 2360
1095 2236
1952 3191
342 2593
1851 710
461 1759
2494 2010
798 1076
665 3858
1385 2640
866 507
2984 885
2767 3842
3464 2219
3298 219
904 2945
2507 3645
357 3330
3057 523
1541 263
1921 3201
2539 2079
2906 3061
2452 465
1763 941
495 3057
2729 759
2383 208
2097 328
1041 45
3656 555
3252 910
3970 1256
3605 126
3217 955
2424 1813
2981 1051
2507 2224
1613 320
638 622
3833 322
3918 3223
3539 24
1382 2277
1970 3489
2088 621
3788 1766
2578 2851
2266 3152
2155 3647
3374 228
2157 2861
737 1485
3074 2947
4048 2050
2973 3700
3605 1184
929 2493
2492 2665
2291 3975
3614 1338
94 1405
1468 3657
274 557
3803 270
320 364
1573 3454
2010 1335
2915 851
3970 1183
2188 1552
1785 1117
1805 32
2578 193
969 1905
571 2835
1277 2474
906 3987
2404 270
3380 1983
268 2170
3436 3213
1570 384
3884 3415
2264 204
1418 3838
601 1141
1915 1613
914 2409
480 1276
532 353
574 1779
2750 506
3571 3406
1767 2593
3195 10
679 2539
1493 958
3549 2292
2450 291
848 1753
1097 2140
879 4098
1575 2898
4060 2524
3741 3272
242 1812
3724 897
119 2181
3924 3864
3624 2299
401 1063
2530 153
1927 4091
663 1299
1590 572
1479 305
1458 679
1453 2624
4013 3349
3171 4008
1424 1140
3802 2311
400 589
3278 3140
3384 1759
865 3981
952 128
342 3358
1002 3625
3833 2099
2584 1445
493 725
2155 906
2219 2177
944 2656
4078 2702
966 2467
3979 4059
1957 3416
2132 3979
3461 1
3926 1809
3075 966
2459 591
3938 3825
3583 2845
2593 1194
2501 3712
3576 1349
3419 562
2382 1555
262 1110
2089 4000
2091 1156
252 3112
321 1953
3421 830
3447 2213
2926 983
1017 2391
744 2045
151 2964
1253 3536
1364 3015
2782 1522
2851 2064
1746 1345
3036 519
1124 3589
2040 1003
1783 501
3040 747
2669 23
4063 1254
17 2807
1463 2396
3580 79
4065 2050
2432 286
50 2534
3514 1758
2936 1634
1686 1688
1573 1090
252 3387
2862 501
327 304
2079 3308
3909 3573
2418 3492
1348 378
2895 2166
3336 1943
446 1639
1997 1961
2899 2628
3594 3988
2597 1743
3908 464
3612 2790
1184 3600
1521 711
3442 738
1940 2229
2929 6
960 3100
822 2847
951 1406
2771 3449
1004 3056
3245 884
3179 3625
876 1638
3470 4036
57 3170
360 3148
972 1335
297 822
2357 3525
16 3962
911 2388
2078 2368
2111 3152
1208 2316
3227 2047
2651 1465
3115 2802
753 3307
198 3464
3259 4044
919 3253
1648 843
480 1883
1296 813
632 809
2035 2298
3662 423
2662 670
2197 2744
4250 1079
3687 3243
892 1117
380 987
1226 3035
1256 4070
3460 2111
1011 4044
2125 2892
346 3723
1285 4043
2156 2117
1724 205
1223 428
2385 359
3022 4131
228 2663
4271 2843
4129 3787
1313 185
2946 400
1117 3746
254 3154
873 501
367 1430
589 3124
3903 3703
478 1437
89 144
1117 4145
1454 1658
1229 1229
2272 3846
3572 353
3713 3176
483 164
4013 1920
1841 2553
2269 2418
3258 38
286 4106
4040 4216
3440 3414
171 3900
2456 3039
3323 2539
1084 685
2432 2405
2420 2586
2887 1609
1370 4277
1850 1871
1243 1031
1349 993
3347 2606
4057 3303
338 2176
3189 1999
3872 3018
45 3452
2566 3645
2099 2721
1819 3610
2880 1617
1065 1099
1858 2050
1634 1445
3896 2168
1423 2474
3269 3011
741 1945
2421 1735
2298 1119
438 4203
2214 2508
4035 3658
723 2139
3001 388
849 2046
914 2999
3799 370
3930 2856
702 3401
161 6
1967 1829
2534 3792
374 1654
4167 1945
4208 4112
2008 2011
1422 1711
3819 132
2555 164
182 1888
550 2131
1989 4041
3989 998
271 2543
1314 1026
36 3673
2733 2139
163 1982
3286 2152
615 151
2642 4002
4255 3637
3722 1986
153 3833
2105 3769
1034 4112
1907 34
452 865
2749 1296
1401 2927
2475 2850
4207 3859
742 404
4013 2383
1699 1042
2554 1929
1016 1214
653 4366
3389 3102
524 2507
1627 1222
4193 2705
227 1018
3916 374
3205 2168
3380 1471
4377 1592
527 3565
1445 1574
1097 4248
154 97
1447 1992
2292 4123
3403 4093
4087 2275
1631 1409
943 1222
2848 2460
53 1684
794 2366
1478 1189
3853 2764
1250 1281
3494 3216
1024 2759
1443 693
1255 1257
2194 534
2253 2130
4149 1523
1302 3256
199 2411
3994 2333
4171 2210
2377 193
1383 1045
216 4128
3739 1174
3125 3010
3446 2279
2769 2351
3558 413
4318 73
1024 2087
3682 915
2363 3540
2453 1161
353 2835
1120 153
1902 1334
2436 4312
828 1749
3795 3616
821 2533
3636 2242
1546 2269
1477 1739
595 4138
2807 4290
2845 1054
1372 1117
501 1555
2630 1433
3082 1189
2312 3955
2334 1258
654 3520
3075 2375
2383 670
1469 1336
3475 4310
2663 1207
3956 294
1984 4262
4213 753
178 3136
1539 3545
1708 3687
3668 1060
2196 3283
3644 1238
314 3025
2635 4255
2822 4041
2451 3762
3652 513
2353 67
3631 4364
566 678
3401 3877
405 1719
651 2917
983 2118
3961 2873
293 4167
3930 2445
3094 1895
3132 4041
1258 1836
2675 3377
4136 3123
1817 2274
2272 945
705 1263
155 4340
3374 3128
1577 3827
4408 3913
4479 2429
1724 1272
3049 1307
3790 2259
791 3133
629 1655
3317 1774
274 266
774 1849
1016 1593
1098 4437
1948 2367
250 1518
2256 2694
753 354
891 917
2805 2085
2882 1403
631 2891
233 3485
3759 1566
3133 4082
1424 3194
1016 2893
2565 2365
60 818
2440 3323
2161 3616
3257 1600
858 3628
2061 2368
3377 4114
2095 2983
1894 3141
3507 3142
1805 3114
1293 4082
2910 1604
2491 1663
2122 3970
1132 2455
1914 2087
1103 4449
1956 2783
2694 2766
1659 3701
2432 3486
2492 3489
1374 1386
1365 2158
1422 4042
4362 2744
2567 1935
1733 455
1611 878
2399 4256
709 1246
4374 3473
985 2512
1553 567
17 3898
3172 2925
782 4141
1073 4092
4482 1240
2052 3343
2458 4408
1323 2179
2667 874
617 235
2247 808
3201 2026
4294 907
828 4222
3524 1461
4276 3933
3808 2947
4365 1654
761 1234
1822 3225
3426 4118
3975 2522
3513 1472
3543 1204
298 3105
1759 3161
3147 3551
124 2308
2632 3318
2316 111
3038 1000
3212 2741
726 167
3370 424
3582 2826
1799 4088
3392 2646
3958 3812
330 1625
717 3508
1172 1964
2736 2631
659 2278
1601 644
3571 821
181 3769
309 3395
965 3517
1762 2754
367 382
2166 4410
3584 1051
138 432
224 1769
1291 3673
1515 813
2509 1815
293 1853
3245 49
1196 740
3823 2787
3582 1374
4087 2319
2921 1627
3385 2938
289 182
303 1223
2453 1549
1049 1979
1709 1900
2758 2770
769 516
168 3361
421 3207
3450 2256
2938 1376
3635 4022
2310 2336
4534 884
848 3014
2991 4044
1674 616
555 178
3032 4443
2717 3080
510 2380
4519 258
313 2584
4339 3250
1784 3696
1841 4186
1849 3122
120 2151
1073 717
3435 4349
3815 2398
2904 1527
3997 2021
2447 3062
3764 1380
3862 975
4407 3294
3257 762
1917 750
1816 4267
887 1264
216 50
1410 3663
3382 3101
847 480
1591 3740
1564 1113
1823 436
3787 3834
647 509
3816 1299
1827 2879
3629 3439
287 4470
2677 4632
672 756
3803 2691
965 381
3937 3317
2085 1281
227 846
571 1915
1996 2678
2190 2822
4013 930
49 774
486 403
950 3312
4511 1852
2107 4012
2495 2168
1710 1880
388 241
1812 1280
2393 4243
2605 874
3795 747
2567 1152
2680 3503
4099 2063
4464 2161
1011 1372
102 2223
4085 2539
838 2008
1725 893
1208 2786
4300 3928
661 461
1062 1971
2593 1702
4150 2609
3791 3537
690 1813
611 2283
1115 1915
1721 2175
4418 3192
3667 3012
2529 1592
2082 2651
1778 4341
2395 3737
1212 4119
1881 302
2073 410
195 2078
4391 3357
3286 3030
2618 3417
1364 4543
3910 2499
3750 4645
1907 1013
1736 1117
217 2598
390 2283
1016 3793
4251 4630
1756 1062
3671 1198
4321 2253
4732 471
3561 1143
2485 2910
2321 3845
555 3450
2327 631
861 4141
612 2470
3207 1799
2999 4158
3562 4196
2583 1344
4373 2384
54 3120
1707 4240
2517 3057
767 3607
4500 4151
3092 574
4028 4698
2033 307
3164 2474
3969 4369
2207 4726
2118 3219
1457 1263
2602 1551
1454 2145
3701 1421
1170 1790
2708 1067
1403 1413
975 436
3968 3540
4288 4494
1917 768
43 2073
1379 2613
2594 3929
4406 3447
391 1206
2625 3658
4136 2396
2271 511
3754 2164
214 3060
2027 2796
1340 3622
2314 2682
693 791
386 3218
1570 424
1655 3914
185 715
397 868
1922 1300
1448 2945
2917 3527
2194 4552
478 4758
3295 227
3173 4157
4544 743
3767 1193
2685 3657
1786 839
4228 3018
2251 1799
4751 4096
598 1353
665 3863
1411 1994
361 3582
1341 3693
2098 438
1320 1867
2768 624
426 3930
3775 3887
191 3230
2502 1309
3416 4525
3598 3339
1771 4446
668 1809
1038 2951
722 1478
3163 1458
2708 613
3003 3308
4213 1959
1637 735
172 2664
1022 3406
79 185
2448 1587
676 1329
2135 176
4771 4721
4513 3664
3406 515
180 1388
1071 912
2457 3035
3505 2617
3390 1501
4697 3624
2451 1735
2792 1389
3797 1794
1072 2367
2432 4593
2708 2044
447 2761
4388 1324
4475 2779
4842 3283
765 984
4189 240
3398 2742
2587 3537
389 488
3618 77
2411 207
2133 1224
371 1061
3054 3882
4105 1176
2528 1544
1048 624
1854 3037
2463 1958
2037 3173
2229 3908
3551 3266
2928 4808
1022 2679
3713 1348
1247 745
1746 3657
529 810
4119 816
4804 2934
4546 1037
1048 3814
2585 188
3454 4695
1757 2955
480 4452
248 3556
502 1064
621 72
2146 386
3418 2362
4850 4868
4472 609
1422 211
4070 4142
1643 4249
3528 4413
1723 1822
3132 293
4800 244
1216 4400
3971 2758
2010 2755
3722 1196
3754 4777
3445 744
3295 4394
2193 1753
545 4475
1259 4586
585 1692
1759 3789
4664 345
644 2557
1911 804
4332 3224
36 2542
2378 4197
1491 762
1655 2683
3777 4297
4403 800
186 1515
1540 1901
3238 2162
2004 390
3386 4774
3893 360
282 3910
2157 3041
323 2609
757 4179
851 4283
4265 1412
3062 1289
1545 814
480 829
4409 428
4569 4901
1801 217
4455 4528
2337 4514
2801 1211
2153 3543
805 3289
2680 2755
1623 4516
4719 4271
4850 2785
2012 1078
4716 915
2524 1397
3603 2518
4 3668
4277 4017
654 1130
3138 3570
4533 1879
2932 2580
2187 2589
697 429
3478 3803
685 2835
622 951
4868 4144
2777 4615
1129 420
2089 3438
3551 913
2523 1012
46 495
1951 3133
3213 4244
4359 3290
3961 436
200 2786
1244 3950
4824 3178
4635 1433
4446 4049
4457 1507
943 2166
293 1417
1362 3614
1923 1337
652 1774
4948 782
4243 2598
581 358
24 717
230 496
2391 1837
1703 4349
3671 2441
2810 2380
2207 4708
3615 3306
4331 2449
1140 3558
3519 2754
1647 3427
1453 135
4135 3335
4949 2409
3959 2037
1803 3850
2897 2300
4145 865
474 2779
144 1295
1602 1860
964 509
4499 1486
4137 3161
2189 2698
3841 750
1865 3628
3031 962
1854 4121
4703 382
3765 4308
1825 2997
2074 3039
1001 3519
3969 3751
4792 1254
2571 1979
528 3806
2047 2077
2008 4757
497 3474
4883 1266
4205 3674
869 1887
522 3533
1748 2865
1241 2285
3564 976
1987 4317
2074 4004
900 1200
1264 1665
4157 758
4944 428
921 1474
2943 3037
1904 3805
556 12
2252 4884
2021 3405
1747 2563
1098 433
89 590
1078 3988
2858 3263
1279 3942
2870 3831
1776 4346
1087 4800
62 3161
1235 268
5018 4068
1114 112
2136 4188
224 677
3825 1296
3361 3250
4567 566
1562 3620
4133 3137
1205 573
1945 1361
3868 2461
1568 4133
4426 1422
1490 1402
292 4176
2261 4249
4311 123
2577 166
4711 4814
4227 4662
1844 3570
1125 1846
2082 3345
867 3008
158 3262
4647 611
3270 2806
1755 1002
3894 2075
3915 3683
761 3371
1487 579
3538 4601
2046 3328
4764 2208
2094 2416
3059 2780
4190 3031
5013 3144
4541 96
3638 1139
3745 1000
4760 451
1200 3749
3211 973
4308 5069
2990 784
3207 656
429 3162
133 637
1962 3798
4752 2126
1327 3512
1247 414
2476 5036
4868 5014
2560 3759
4094 2858
828 3464
2404 580
17 1932
976 4720
2331 725
3296 3975
4334 4227
504 1754
867 1845
2266 469
2025 4165
169 3639
687 4718
4411 352
1634 2803
3826 3112
4997 1513
894 2835
3311 2897
3414 3863
3136 1093
532 4702
4862 3940
1505 3105
1129 1800
4878 1025
2182 2068
1671 3426
3431 2665
3473 2449
3274 3899
698 2625
5076 1349
359 2391
2383 2836
2488 4741
4888 2820
1240 5137
2089 2408
1810 3317
4311 2938
2577 4477
4985 925
582 3382
345 4446
4821 3661
2969 4902
1207 2566
77 837
469 1353
2231 4636
1791 4714
1404 1038
1889 4635
1886 828
2720 4513
2979 4375
2803 4211
577 503
1492 151
3804 3814
998 2347
1007 36
796 1653
2436 1950
3969 4960
560 4786
2591 3685
4732 1858
1116 953
2026 1484
2112 162
3585 3680
290 1891
2541 1258
450 5107
1932 67
4307 3910
24 1511
1771 2612
3847 3283
919 948
849 1037
2826 375
4708 4625
2628 1735
3150 4087
1520 3803
3841 3726
1174 4014
2718 4783
695 579
13 2744
2636 1244
3504 3588
92 3197
4661 3452
1847 1114
3956 486
861 2478
1122 1716
2480 678
1064 4645
1675 1329
1612 4306
1152 1638
2388 3174
2787 2897
1209 4486
688 2710
2202 5130
500 2323
1536 1341
2545 1324
1039 4788
4014 5085
4939 1106
27 1954
188 1131
1476 2322
2757 3459
1933 4119
3439 4006
2261 4585
4096 1186
875 517
2123 2270
1810 2354
5190 1588
2437 1866
2011 4016
4697 1282
1529 4577
4329 1483
920 3697
4238 2520
3438 4686
1152 1517
326 3216
3125 3162
3654 2167
3081 423
1527 19
2682 295
148 2700
1362 2365
4384 2306
4147 905
1996 1342
4927 654
2594 2958
3517 4185
2411 2612
2009 1806
3995 2715
3609 1330
1167 2568
3303 5108
4610 4219
3726 984
3416 760
4557 489
2150 3377
469 2138
217 834
4610 3315
2528 4571
521 4382
1064 2675
1427 4220
532 4144
222 3012
2722 2328
3452 911
552 5114
2285 5229
2151 4215
4350 920
469 4054
4521 1787
3184 576
2545 3432
2352 943
2407 3899
1942 4664
5159 3587
3594 4991
2256 2233
490 3316
13 4949
2324 2874
1233 5299
3461 1948
1008 3650
4884 1352
3854 4857
2008 2465
708 4435
2939 1711
1502 118
1153 2344
1681 4573
3053 3831
94 15
4721 2741
2400 493
4344 3756
3524 4891
4838 4503
1040 2097
4220 688
2164 4506
3583 2908
4505 1420
4560 3538
3061 791
1641 2934
276 3915
2996 328
2329 3719
4831 3189
3325 4503
3010 3447
2534 703
4847 2632
262 4400
2565 2901
1285 3809
4009 888
1981 3703
1701 2241
109 1490
4211 271
1406 4255
3169 1244
4622 4316
3431 5311
1484 2810
2347 4072
3881 2996
3182 3000
4448 3610
3591 2352
1312 2747
4445 2602
4481 2962
396 864
1044 226
3038 104
3376 4096
1218 2808
4055 1251
4005 2602
515 352
3398 3542
874 3386
1856 4369
2108 1937
474 2617
2485 16
349 2191
274 960
5370 3410
3926 740
568 2920
199 2142
1520 1815
149 4289
4965 3323
2740 4529
4697 1291
4425 4086
4731 4878
4072 3423
2373 951
3369 3660
2490 1863
3690 1838
4879 3660
1240 2880
1311 322
3919 4867
971 2966
1075 3386
3700 2149
1159 701
522 2519
944 51
3851 4574
3783 1285
946 2066
4361 4333
338 4439
3940 3621
3695 2317
85 404
5408 371
3993 1748
3243 4784
116 4566
2398 4515
2531 4928
5402 2491
811 5124
1377 3980
887 2583
5111 84
3475 893
3949 2744
2607 2068
233 982
3714 2167
1513 1957
1373 1440
5183 2499
3972 380
3413 1794
4838 3789
1953 3771
863 134
4985 5379
4141 1963
557 1474
465 1487
2100 1451
4971 2224
3759 2046
1901 3425
5340 4627
5325 881
3465 3359
460 4088
3126 1598
2892 4271
4263 3566
10 1413
28 482
1761 3472
284 2919
2805 2301
4529 1171
1442 2331
935 3730
3067 3839
4887 3374
550 198
175 4069
1093 5187
3137 2200
4950 881
4692 717
5129 2285
4320 4084
1481 3657
555 1801
4508 2713
4414 3175
1519 3909
426 5174
1537 1035
3979 9
1091 3460
2210 2725
3598 2283
4551 2761
5288 2635
515 347
3549 5024
2585 4731
2180 3037
2771 2176
1667 481
5430 4348
623 1605
4948 1057
4858 2114
1023 2653
1419 1891
89 3910
2584 3303
2664 3426
535 609
5365 3009
1565 5054
1192 2822
4996 280
2445 3621
3942 2987
301 2920
1995 4610
412 3352
1547 1420
4499 3993
4571 1933
5342 2289
851 3692
3654 194
693 384
4974 4978
2067 995
341 36
3233 3187
543 1152
1190 4209
2809 2988
535 4204
5148 3646
3912 2324
1161 3594
4035 1911
2351 4077
2544 2091
2204 564
1486 114
1022 3451
4920 1205
178 3838
2134 2141
2417 1752
1961 2724
4577 5042
4175 377
4530 5136
5075 1073
4531 1702
1575 5132
2006 987
4742 1803
3470 2347
1629 2654
441 2652
2417 920
79 2337
187 986
3213 2869
1599 249
2838 4786
1204 2793
4999 737
197 4279
998 4662
1868 1189
4265 1235
552 3010
914 4743
1185 3110
4526 1416
3638 15
5539 4370
2684 3160
2169 3233
2735 2535
5186 3471
5486 3659
2803 1450
3468 3566
2662 3817
299 613
3528 3900
1368 1144
475 1603
4685 4618
2727 5448
5335 1012
4635 5352
59 3988
4367 642
4056 2276
1987 4672
3532 2958
2750 2790
4478 1814
529 3934
501 655
3925 2967
720 3521
5332 5395
5277 52
1758 5495
827 102
811 1067
4383 2569
3813 1952
3180 2866
5281 1740
3270 5050
1039 1362
5030 5165
1328 2062
3533 3294
4486 5347
3809 451
3315 608
1 1251
1323 3842
2874 2884
4079 4706
4686 2855
3123 2660
3726 3452
332 5504
3223 2454
2048 5146
5384 933
40 4244
562 751
3381 472
3095 3696
3456 2842
329 570
864 3732
1580 844
1805 1829
5469 1000
1651 117
2282 3521
3944 224
1936 255
1519 2505
2062 3360
4335 1549
2385 4067
5376 2864
2990 5459
2981 3126
1160 2823
812 4822
5399 980
1260 3863
2211 700
3820 1948
1731 794
629 3325
3685 4860
1461 2324
4321 1156
1555 524
412 3279
920 169
1203 2488
746 2471
2373 1677
4122 3
4685 3724
951 3966
4914 1537
5125 1793
2787 1182
416 2072
3964 2343
3461 650
2391 5626
2911 4566
3836 3621
644 3811
1562 4005
3084 297
3690 3735
99 3508
87 3179
3652 3500
591 5250
4327 1435
3154 3892
3736 135
2228 5455
4829 3636
489 2291
3529 491
518 1738
4934 1087
245 4892
3602 4411
4760 560
2987 4441
2412 4568
4537 2947
99 648
3706 4323
3226 257
3582 1436
378 1384
3991 3965
4213 4105
2531 5114
2319 2418
868 5340
1830 5500
1564 1811
459 596
4158 2437
1861 3252
726 1454
1106 2013
4134 4416
4656 3570
5040 1506
4182 1318
3796 5570
342 4913
2555 1454
5387 5194
1583 2660
4900 2398
3714 5412
1495 790
3724 5453
215 5579
4578 3043
1611 744
3826 2587
1711 2285
5435 2022
1184 5066
1432 383
3789 345
4350 4356
2234 2172
1631 1452
3615 4245
3944 4164
943 2557
3376 2404
4374 5432
807 436
4191 2418
4088 3548
1245 5501
4565 4890
3732 2438
1723 1595
2506 1643
5149 4669
4497 1042
4660 1262
3335 1646
4889 2860
3224 5438
747 4551
1656 4710
2275 5225
847 1407
2830 5674
1217 992
162 4096
4850 3271
873 3010
3420 3881
3110 4626
2652 2323
3878 2786
2359 3691
3508 217
3878 4947
1693 2890
2300 3299
2251 4029
1171 614
5101 2221
2161 4236
795 1777
3315 4583
4837 2834
1933 4427
5433 412
2162 1296
1940 2088
1916 2303
4217 5206
2512 5026
4342 3040
3138 773
711 3046
2986 5443
1516 1486
5456 4029
2770 3575
1306 3877
4200 4400
2500 819
5030 2091
758 5605
1991 3855
1744 4035
2978 3358
4153 2452
3438 3997
2186 1920
2750 602
1923 2321
2085 2789
1769 85
3603 1927
1017 3014
3635 4155
4406 1542
3886 4110
5496 1843
5471 4287
2312 1656
2731 1519
4121 2144
5484 1790
1904 5554
5448 851
1117 3645
3566 4745
1885 1253
232 4940
227 2400
43 3517
3841 2974
3215 5004
2069 992
652 4145
3400 4868
3955 4502
5213 311
2133 3343
5742 2066
2537 620
3580 509
4833 4787
3630 502
620 855
3182 3022
423 5250
5294 3239
2143 3496
1369 5828
3094 5685
1356 5543
4326 511
71 2893
4517 2747
340 2449
3692 3963
2348 655
1652 5787
3813 14
3884 1759
1277 4622
3090 2819
666 4072
1677 1719
2056 2986
5364 1938
3286 4702
3006 248
1629 4849
704 3107
4289 4713
3119 4031
226 257
880 1287
2109 1915
1206 5748
3416 3295
3347 4440
2359 2369
4348 316
653 5021
2911 849
5018 3278
1050 4548
3314 5668
74 2794
1333 5756
1197 720
1747 2389
5340 5698
4459 132
4178 445
4203 2136
1419 952
5645 3919
88 2382
3572 646
1959 2329
4950 3097
497 3812
440 365
5815 1269
3151 5596
4426 3691
1212 567
2578 5122
4457 1119
2650 1108
1627 3858
890 324
5219 4609
317 2406
3873 5781
2428 5499
924 5833
125 3576
83 1834
2242 2268
2391 4115
2732 3037
2867 4684
3208 4320
1838 5282
735 872
2683 3303
1388 2091
5108 2453
3514 2903
2596 3188
5478 3214
5690 1463
2652 3130
4164 5759
3072 1254
2622 1371
4068 2257
656 2882
967 3203
1926 1285
4399 1673
4179 3688
5128 550
2818 285
5201 2847
4423 1102
3644 5083
2629 1198
2999 1143
1217 911
2573 3583
1030 1046
5648 1862
1711 5430
5463 2708
1394 4934
3992 4694
4326 516
628 3484
4625 2005
5446 3789
972 3445
5136 634
4559 4843
1672 1474
5154 1863
1133 4089
4331 3750
4491 1679
5612 3936
2704 4794
2411 5690
3997 4904
5633 231
550 4394
2222 5492
3591 3948
2957 1067
984 4194
161 282
4105 1933
4298 971
5891 4221
897 4746
5489 1147
1471 444
553 478
1229 2103
5107 2707
3256 5001
487 3960
1770 29
4161 1013
4687 1463
3725 4467
5262 2790
3076 2577
3335 1448
961 3770
2975 2496
3882 5064
3654 2080
4220 2903
113 1811
3880 4268
5423 931
2523 3881
3744 5190
4855 4269
4756 4871
2615 2839
2347 3668
5530 256
5462 1989
465 350
4786 1560
2667 83
1004 2286
4703 1982
1003 4140
2418 5535
1129 42
765 3721
1943 1790
2405 1039
180 4818
2261 2059
858 3468
2132 68
5842 522
2204 1645
3381 844
4340 1853
4933 5595
5995 3627
2512 2520
1586 5979
1566 627
1663 1290
2850 3688
1995 3218
1288 1873
2761 5322
1318 791
1164 1085
4843 2833
178 4340
2222 2422
4681 2791
626 3578
216 3669
4452 1992
2076 4018
984 2949
2779 1597
5860 4677
2077 2
2513 4658
985 2938
3786 5423
4232 4346
954 3032
2715 3611
3412 473
1114 1470
2959 1475
1837 3269
4481 529
2828 715
5391 103
886 1165
5578 794
5116 2240
4669 2550
374 51
255 4414
2430 1349
2292 5576
2658 689
4268 5989
5704 2149
5391 2168
948 450
5081 3375
2802 21
5373 2351
3756 3364
1083 4328
5024 4461
904 2042
432 3878
1562 2701
1514 2263
913 2067
1852 5014
4027 1292
5360 2575
4818 3810
1827 5509
4705 3027
4791 1371
5742 842
2912 1762
3971 498
3407 1624
5123 2651
5070 811
5795 4470
4143 778
6060 10
5949 1352
259 4707
1984 2088
328 3175
723 1413
811 2206
3554 4602
4145 2417
5460 5756
115 2026
4816 4592
4393 1264
3746 2489
631 3941
468 1677
3932 4560
4941 5212
465 4947
3206 5567
1341 1019
3916 1899
5481 5965
1535 447
1589 298
5450 5646
5769 313
998 4222
2881 3464
4202 1081
1168 884
1167 4327
4326 1296
1028 3265
2437 6079
4640 2820
2712 3534
1045 1951
3901 343
4356 1317
1918 4791
3603 4411
4965 6060
2437 805
5890 5717
335 74
3104 4281
4120 1077
1346 5303
3869 3273
1200 2982
3447 4700
1845 3793
5160 3544
352 5043
2027 4102
4124 3091
2023 2287
1250 4390
677 5968
5435 3504
3561 1989
1005 1489
6060 5874
461 4203
3782 3908
2906 3893
1814 4961
3490 1803
5563 1486
2282 5813
2065 841
3972 1731
3654 2468
5452 4014
4429 3584
2577 3735
4024 105
897 3627
594 2741
4205 930
6077 4739
2224 3585
569 2320
1314 2974
3255 5930
1813 4207
2603 4579
2168 2192
4456 5336
4829 238
5181 3165
3398 5913
2675 4983
1422 2300
2977 5931
1556 3465
5379 4482
3690 3988
4274 4768
1670 3128
3652 1428
2133 6174
5047 5487
2966 500
5220 5383
5610 3602
3193 560
3502 293
2147 1591
2432 6104
2683 3034
3573 118
3132 4736
3680 476
3401 435
4526 1328
1482 100
1525 927
2025 4248
1103 2238
6047 3366
4010 3953
225 2236
269 1056
5377 848
2435 2723
5050 4291
856 6066
1795 174
2520 4487
2349 2280
291 2011
816 2544
1567 1327
4143 2903
4501 1327
3757 168
1723 854
3412 3240
3739 4510
595 3986
2926 4922
5144 428
4698 206
5006 631
5605 3377
6140 2155
5133 4131
2400 5731
3924 1321
131 5495
26 1628
2622 703
3270 2726
1677 1453
3166 5864
689 5359
5577 5101
6025 4087
5485 2355
359 2940
4269 4832
3138 5845
4697 5617
3328 2915
2532 2563
6032 600
3382 1551
4830 2900
3720 4056
1298 2874
4202 4216
4165 404
1092 4559
2147 4987
3694 180
223 148
3967 3896
3736 1098
1179 3453
361 968
5315 1921
427 2059
1581 6229
3224 6073
371 3560
3293 2884
888 5702
4813 5828
5510 267
3596 3609
5671 3829
1054 3704
2236 4954
254 6301
4101 61
5587 3244
2950 5224
498 3606
2744 5899
2569 2266
2057 28
446 1779
1788 5530
1730 5317
1885 2726
3731 2237
1077 3715
3051 2260
4801 2785
4201 5061
989 4634
6085 1604
716 811
1115 1361
3010 3813
2497 774
1605 2802
5456 3472
6079 419
92 6207
3896 4955
5059 4487
5289 2013
2872 3059
3006 2423
603 1164
209 5371
201 3787
3367 2893
4795 931
3090 1258
3928 1758
6341 2822
5877 5167
2379 2623
5451 1563
3735 569
6272 4574
375 202
5667 1866
3980 1967
2710 2021
700 4507
5253 2310
4977 5778
1562 4683
5610 2007
2874 4042
4349 1483
4883 64
5209 3278
1759 3585
3618 1070
3410 3094
865 104
637 2844
5413 3759
519 1688
6225 1294
98 4704
2915 5375
1068 6279
6355 5721
4170 2265
977 2960
1229 4306
4150 4521
6015 1392
4642 590
2066 178
2966 3561
6118 2874
134 1138
412 2162
3117 3521
1768 1343
4310 364
550 737
813 620
1326 4739
344 523
2148 1596
5665 4208
4909 5857
6081 1550
2272 6047
4134 4132
3726 1819
1582 262
4188 4037
3499 2647
287 907
1376 3384
648 548
5887 5165
1388 94
1560 3066
1964 4730
331 3864
159 6227
5709 2957
1796 2868
5360 317
2156 312
2952 6363
4739 548
4876 4732
270 1405
2248 417
3641 2228
4454 348
3325 359
1519 2416
711 4788
1632 5828
1366 1719
2216 895
3525 3708
4273 5079
982 4924
3926 5793
2325 1338
1122 691
4382 2477
4887 2776
5771 2576
6295 3933
4592 3317
6207 324
2006 3821
790 3235
6361 5132
5737 5591
2585 5522
3814 3455
4946 5465
5355 1297
3981 86
3096 1384
1143 3938
4901 499
1172 5993
645 1482
6451 1509
503 613
1933 1363
5434 4521
3562 2811
4449 4527
5070 2951
989 225
3709 4364
5930 4313
2411 1675
4268 3909
1985 165
717 5954
2033 3600
5727 2535
5172 1998
3248 3444
2242 1479
6155 1651
1087 3276
1153 871
3429 2621
5657 4908
219 6239
2162 3745
904 3430
4682 4111
100 5197
1636 6421
6344 4094
4679 5037
5437 6318
6476 4821
2787 5784
5346 1313
3321 2510
4000 906
1146 1521
2613 1836
6263 3182
5852 3220
2720 4904
3507 3849
4104 3827
352 5971
3877 5962
1573 4464
6100 3365
4418 3587
2103 595
411 1632
2944 3962
3755 6315
446 260
2064 6106
3491 1032
14 3326
1767 4949
1351 5284
4372 5518
5963 4598
3075 6269
764 3570
2977 3556
1085 1535
3847 2917
495 746
1396 5415
1569 1942
2219 5367
1758 6464
345 810
4231 6323
4592 6112
4500 2434
6129 2839
5037 5357
3706 6427
83 3730
5658 4667
4706 2612
3727 1099
3184 2257
1428 6110
2210 1963
5933 125
6278 4513
1522 4172
1483 5083
2799 2310
583 2321
3639 1510
595 93
4632 5451
4127 5927
6393 5653
275 591
2425 964
5596 3147
1546 5910
617 3037
3007 5457
746 691
6522 685
5146 1044
6334 4760
3340 4496
6046 2226
6012 3599
3062 79
4537 3909
5824 6407
2687 5033
5935 6170
5217 5983
1996 5888
1953 4662
3009 694
3074 1683
3772 621
5585 5113
4005 2735
393 1598
4637 6452
5045 281
1445 4510
6263 4057
6233 1448
4111 1755
5532 4780
6180 6314
4779 1491
1744 2511
1125 2045
5157 356
3054 2313
3171 4371
2737 3130
6110 5075
5550 3683
4676 3452
473 4438
1606 5410
5301 5853
42 5823
4460 2608
6494 5582
671 2496
5147 1470
4084 4066
5901 2087
3190 4801
1811 2302
1697 3808
1901 6403
3943 4072
2420 2912
50 2927
2307 191
2795 2890
2588 1590
4263 2962
4392 4485
1768 6479
1895 2410
4013 5478
4344 5152
4497 2140
2129 3920
5149 409
2473 2822
2913 5898
5805 4076
4588 569
878 5567
6245 3670
1717 2939
4658 477
4399 3443
2861 5279
4359 2421
5130 2385
5728 316
2755 1959
2320 5442
2141 5980
2480 3770
1412 1154
6006 2398
4125 3219
3268 5795
6113 5745
2945 6381
5298 158
4963 1677
215 4865
2113 1221
3311 2291
3504 4660
2008 6429
3117 3689
1645 5403
4878 5616
6392 3336
3793 1831
479 6577
2232 4266
900 3328
2551 4727
2419 5733
5127 5340
4806 6604
970 1083
5528 4261
3310 1246
1639 5919
3465 6624
2398 579
3817 3382
660 1187
5009 3076
654 4961
4313 4003
3870 2295
1038 6131
6329 4776
3518 5933
4058 4825
5324 704
6011 3760
5605 5230
3138 5317
3804 4009
3389 4002
2448 5391
1297 2235
3733 2861
2773 3601
2799 6373
4203 5481
1517 2393
3707 2078
5895 920
5795 2487
1657 1428
1925 1196
2992 5099
2823 2626
3747 2007
1666 693
3658 4857
1336 3930
5253 6438
6037 5140
3453 5957
5938 1719
4616 650
631 1079
5337 605
336 3767
5764 6372
3299 2560
2550 3125
5771 3955
5495 2691
5293 5195
2788 3300
1934 3525
6034 2808
4669 2683
1467 4398
1853 653
435 4602
2499 2704
767 1461
1187 5585
722 3261
6101 3080
4673 4838
5857 5583
545 3882
2968 4834
2280 6458
574 5847
4750 2876
867 2445
2274 1437
6226 2074
2708 6129
6665 5126
6059 480
610 2436
1204 40
3005 2479
2823 4113
5031 722
4912 6717
5278 1717
468 4972
1071 5094
3569 1678
393 5363
1995 2969
2818 3390
3864 2241
234 4544
444 4043
3246 5665
3790 3011
203 535
5678 396
675 6226
4672 1385
5539 5436
5371 6308
3368 1498
1456 556
1478 5367
6420 882
1609 5670
2863 3155
3055 1019
3179 2640
5503 5391
5066 6628
2484 4865
652 5233
4899 6389
3105 6430
6243 2812
1568 5925
5170 4060
2120 486
689 1515
3639 1300
4382 3366
6388 3119
2902 6282
2730 1594
1188 2215
490 2044
5161 2890
663 3764
517 123
6132 5493
1217 2555
6378 1890
2229 132
5215 4134
2133 2550
3169 1066
6471 5497
2564 49
3071 3222
6800 1014
5807 6600
515 2033
2882 5093
2650 5505
690 5345
4139 2783
4017 170
2853 3254
281 3145
1760 1743
3503 468
3849 4564
4186 1712
927 6817
4900 5779
1068 732
1966 2931
1327 2514
3603 2369
1053 2995
6577 5195
4996 629
678 552
3474 6325
2022 2323
4432 615
5624 1660
3657 963
4240 3062
6260 4489
5116 4400
546 376
1730 3911
1705 4592
2774 5984
3430 2319
3036 4528
3995 1137
1562 2813
4160 374
1699 5388
2098 5050
5071 75
1787 6324
6205 1132
2782 6516
1575 2835
1047 3295
619 1381
4207 6172
6348 723
6078 872
5837 864
2845 3060
1561 313
4610 4169
169 4698
5433 1295
4845 2942
2637 2201
1213 3710
5599 91
6835 5660
1904 1653
4328 4813
6791 912
2151 990
3442 6744
5929 5273
4079 5272
2120 3505
1205 6224
1712 3461
2499 3756
1011 682
2137 2503
5799 4507
800 429
4403 6624
4879 4916
1171 1142
5761 2686
3539 2177
6395 1867
2044 2468
5041 4519
3037 5369
6669 228
2256 1158
3489 6526
5361 995
900 3563
844 3299
741 4084
3546 5274
6142 3195
1626 409
1319 120
4827 191
3205 4185
2310 2216
374 3024
2383 4616
5829 5530
417 3092
3730 2859
3585 6610
2252 1596
881 5939
1098 5099
3124 4582
1534 3519
3038 5053
2729 4646
2084 2953
3967 88
1866 6563
2292 3637
1490 1723
5488 4804
5898 2120
597 1895
5465 4875
4054 6355
4071 2231
6331 3207
3663 5932
5297 2308
5095 3211
4160 910
26 4876
4458 3497
5217 3153
4076 6284
5370 6013
1295 6654
1717 410
3806 6834
1978 5793
6852 1335
2485 1682
4187 3598
2136 5751
111 2973
1557 6386
6750 3046
4801 4135
1737 617
5604 1459
5125 6197
4752 4425
2784 181
4600 4641
4907 1640
4304 2284
2347 4254
2666 6733
5270 598
2569 2071
2870 837
5935 1115
474 2402
3644 5302
4153 6179
5917 3041
3153 4913
1278 3282
1328 1873
4076 5878
5290 3133
4623 2553
2784 6855
1897 1004
3215 5873
5176 2537
2072 944
1678 2766
1138 5521
2945 3501
6841 5851
620 594
4409 2294
2601 3353
3541 76
1256 1936
2231 3619
4578 5733
1650 3417
2955 3181
299 2505
3325 344
1563 4865
5634 6858
2516 1594
5162 2405
2966 1907
5051 4603
4448 2410
4555 1259
1387 6074
2662 104
4209 1781
4660 1127
5016 1547
6400 5707
63 1531
2517 1061
2293 6266
2275 2856
2265 1259
5967 2040
3013 3363
5088 2967
886 4509
5752 4386
4642 948
972 2278
2917 996
771 4324
4475 6978
6312 1620
3259 6744
1761 1865
4270 3580
6745 2215
2001 550
1519 3349
2830 404
3237 1087
2316 5267
815 2217
1406 2904
1219 4017
690 2034
5699 1624
2553 1588
1919 6189
2793 5423
5101 5709
4702 6807
4380 5856
333 4975
9 1309
6830 4033
2348 570
20 6085
3342 1637
4858 1958
1651 4513
1713 913
4523 5938
3239 6977
2148 5149
175 1165
5523 4900
4500 73
4235 6362
4435 3299
5784 3544
4843 6704
3457 6621
1024 5677
6673 3601
3690 4455
3780 5999
2034 5080
1525 5839
682 2327
5040 6489
3087 4611
5505 6466
1518 4702
1967 1662
2313 5666
4407 518
6877 568
3614 1884
2266 2733
6090 5600
2781 6904
6462 4931
4825 1043
6171 6990
7071 2007
1299 5228
192 4678
3412 2702
2599 1951
5184 5555
3836 2507
2909 1270
6017 458
1962 2602
4710 2550
668 5777
1136 3821
4840 3332
4275 583
4687 6546
5326 3535
6473 1811
345 4605
2796 5370
4099 4124
2990 3795
696 1217
373 5474
5983 3407
1420 5824
6314 6549
1014 3719
6521 2866
5867 7019
6363 5980
5312 3194
1331 2766
2618 365
6473 2789
999 822
4104 1141
4417 2643
3474 4472
1492 3701
5106 1217
6877 5697
6261 2986
4162 6575
3022 5737
879 2992
7116 5949
4465 6149
2993 5680
1577 3239
6766 3971
6200 1191
6874 2565
1712 6693
2355 7109
4437 6698
3642 1172
4553 1430
475 6096
884 5945
783 5662
2844 2041
3838 7057
3492 3452
161 5225
5512 5325
6563 2272
260 4882
4302 925
4245 3049
4431 4674
1162 6939
959 1939
3844 1990
2054 2391
5636 5494
6346 1622
6426 177
1956 6461
3573 6270
5934 5864
2097 754
3554 6535
3251 6117
1598 4004
6054 5494
2227 15
5771 2882
5683 6436
1241 3010
5013 2150
5225 8
1019 5037
3152 3438
2699 3289
6186 253
2813 1850
5565 3983
5325 4844
5557 1066
6086 3144
2171 69
2719 6152
4719 3195
4818 3222
6453 1018
6278 4363
2754 2625
4860 664
904 2505
1308 5027
1512 1952
5936 1688
6644 3843
2109 946
4689 238
2560 2186
86 5686
3638 277
4004 4406
3974 2465
401 3941
515 1743
2341 5832
3250 6993
4488 2409
1067 540
886 3106
6082 2822
5389 2879
2728 2257
255 5875
3445 1616
990 3128
6614 4478
416 2894
1463 624
6934 3159
3524 3445
2210 240
2824 5774
89 6007
1997 1555
4858 4748
909 34
2322 2710
2471 2248
799 978
1708 5095
1794 6275
2403 2311
6910 4653
4919 330
5471 1581
3874 2385
6283 1305
1220 1018
2146 2250
4038 4108
1564 7117
858 1558
153 853
4114 433
1219 4410
3630 1929
2235 1264
4744 1606
1127 4586
6317 5752
5095 3527
1201 820
1318 6014
2254 186
3629 7099
1504 5995
6200 2690
4632 2231
2311 3816
3974 1961
5774 5196
3304 7020
6017 751
5684 1059
2661 3477
3416 5662
2945 2964
6324 6734
4746 2565
4905 136
3904 4433
3066 3040
2292 4678
5850 200
4055 974
2454 2712
1641 2421
916 6292
5124 159
5415 1293
3090 5196
234 106
3474 2469
5459 4370
2760 623
6951 1432
5925 1173
7276 521
4257 3917
512 982
4139 4408
4123 4426
3022 5146
6214 408
2251 6857
4644 1230
6626 1920
6699 244
3410 1978
7133 5387
1294 1800
1085 987
4929 5135
6014 2025
5988 4788
1563 6794
4554 5349
6976 6990
3981 3712
6015 4583
3384 172
806 1815
545 3112
2307 2745
2493 2198
2341 1617
420 6587
4290 3438
6847 3462
2615 2099
2921 7283
2366 1408
6799 3454
5732 4982
6920 1665
7335 1620
3537 265
6717 2019
3118 6664
1688 973
687 5461
564 4853
1387 3961
3355 2461
2390 6051
4688 799
3086 7344
2706 5524
1515 3034
3044 2324
1330 6268
5756 6907
287 3216
3090 2997
4764 6008
680 2128
4783 3124
1208 7161
4261 561
1905 2419
4157 1613
2113 4006
4378 6574
4655 6919
490 2062
5923 860
4051 1311
1912 7074
6258 5672
7047 575
4185 533
3310 3857
2127 7195
801 2578
1856 1842
2064 4297
2254 6653
7023 764
3657 3012
4713 4085
4055 2717
3672 769
3689 3212
3610 2948
185 1817
416 7241
5753 1141
6706 2840
2837 4181
2624 5022
679 5096
5275 2895
4959 522
7175 603
5657 4080
2678 3899
2116 2544
498 5022
5337 1660
1831 3789
5254 5892
2312 3589
1191 1913
6048 4098
5182 3507
5384 1583
1136 3794
62 2118
2008 1069
1180 1248
2031 5868
283 5355
5291 1655
4818 2835
204 3630
4855 6625
2959 2737
5567 6698
4367 282
5438 4573
6609 1896
6124 6622
132 389
7199 545
355 2014
6664 4446
1211 4023
2022 151
5317 6233
956 4123
496 4986
1507 2215
309 127
5188 4917
2487 3653
2359 1214
1872 6489
7072 3508
1931 2292
5877 3495
7303 4372
2407 4255
5120 7349
6497 2461
6202 4403
1777 2761
1581 4302
1369 4065
1928 5191
2408 2936
1454 1041
5137 39
6077 5710
7449 2627
31 2048
6458 4612
4107 4039
5959 2632
5760 6225
1586 7434
2526 4572
3514 355
5440 5621
2095 5256
1384 1049
1211 2777
6230 6525
832 1640
5045 1102
6360 7244
395 1870
4308 2113
3880 6832
1964 4675
6325 3965
4879 4531
4325 7205
5237 3313
7109 6549
2674 5007
3308 7476
4073 739
4703 5156
389 3769
6036 1194
1476 1409
6555 5147
6447 6749
2646 327
1669 2424
4534 3313
2911 4449
1178 2205
4526 6319
5218 2729
2078 1326
5478 744
4516 2664
222 2580
5636 1737
2214 3689
807 2288
6511 7280
6798 872
3245 4340
4495 4639
4667 6597
2360 5950
286 2329
1610 2644
5379 7086
487 2674
6388 3934
6128 5062
1127 2468
3621 2354
923 2503
4411 3690
6548 3284
6140 4268
5508 4125
2208 4116
3242 5693
1610 2476
1389 5241
433 4301
1457 6865
5878 2108
6175 2686
6517 2411
393 663
186 6464
3650 2042
982 3932
181 743
5394 6473
7252 6413
6050 695
2654 3042
5628 863
2379 2216
450 5404
7203 4185
4745 1357
638 1471
5177 1377
1542 5516
6423 6317
56 5656
4318 298
6062 4156
1188 5610
86 1034
4216 2870
2381 2769
7005 5654
2719 730
2224 4203
919 1289
1662 4885
5091 3258
3896 5372
354 7244
6839 1496
4237 4877
5021 1863
393 288
1089 2509
2496 3996
1725 3444
7295 3891
6951 1762
539 6865
1014 352
1685 4928
7006 7304
788 2070
1200 1577
380 980
6607 4798
6145 2482
2953 6673
2092 3454
679 5890
3978 2349
650 4350
4499 74
2082 4672
5509 4914
1578 340
787 6556
1701 1192
3019 556
2743 4184
240 1689
1445 4210
2240 4655
125 6989
2535 2467
1286 2197
2702 4146
122 6714
6331 5081
2644 21
5826 368
5796 7379
7244 5148
2410 4673
718 4636
3334 3732
848 6632
5731 486
5525 3775
5722 6668
3263 6242
2625 6092
1122 934
925 851
314 4761
6624 1274
6550 4941
1992 5953
2302 1318
6688 3753
4325 3965
4976 5014
6359 2688
1123 2990
7190 462
7604 1081
5621 5330
7267 2368
7600 5150
1316 826
1441 6833
5147 5496
3185 3245
3299 4780
2747 6728
7291 7076
5378 3871
6793 4550
2722 3921
1544 417
3065 1494
4163 208
3803 688
3478 1415
4670 533
5614 5419
115 2124
423 4293
3458 6885
224 2048
5502 6369
3524 1700
7052 3956
1650 551
3595 2370
1961 86
7595 7008
1983 2643
7097 3341
6044 912
3029 1489
6056 19
6154 194
497 4720
6315 2457
6449 5417
1636 5564
7033 1332
3466 3857
7573 2580
6000 936
2829 4412
867 6303
3371 6264
4821 21
1475 2300
3196 1690
4028 913
6989 3974
3807 2400
3626 312
4340 7364
3879 1957
5585 7375
413 7513
4865 4149
1163 1556
3691 6570
5295 5773
4308 786
1162 3639
6206 2164
6477 2169
1802 4129
827 5372
4667 7422
2480 63
6819 4728
5661 1004
2341 1628
189 6617
3994 3958
650 6867
5429 4350
3321 2582
5285 2618
1445 4294
6088 7328
2846 758
3910 7322
880 3951
6869 1233
4796 6473
4119 365
7053 4568
2145 2571
3561 7252
2233 6358
1878 1
4980 1685
682 4983
1789 6482
776 3821
90 1931
3720 6024
637 121
2350 1285
2323 2619
4900 5995
701 2232
7663 6693
3921 6109
1795 3064
7556 7427
5416 733
931 3208
5526 772
5518 2911
3233 4053
4456 1466
1443 680
2189 2414
5434 799
4012 5797
3314 5344
2032 2587
4469 7416
6482 6903
2057 517
7476 4643
1678 6215
7245 2317
6789 2100
5910 6815
2516 6978
4301 603
4551 4941
4076 4918
4118 2452
1645 5576
6603 2593
550 2652
7271 4614
670 3866
5788 6564
5355 1188
1168 1366
6638 4803
3523 764
649 2340
1491 2695
3905 4906
3723 5360
6319 1769
2796 5692
6151 6875
575 2970
3582 1537
6002 484
6075 2485
7364 4813
2370 5315
3092 4542
1047 5062
899 3351
7458 5383
3761 1294
5340 5914
3977 6696
2548 4112
5757 4906
4577 7377
3634 2206
6622 7761
5155 2509
5665 2839
1089 2279
5154 7770
4675 5078
4233 4116
2246 3610
5061 4809
3685 2586
5233 6095
7127 2190
2388 1136
7112 7520
135 5348
2416 6025
3202 1701
4888 7280
6677 7102
1075 2107
4372 2326
80 3397
7475 3766
5832 2452
6776 314
895 3385
2625 1006
638 1866
7500 6704
2850 2481
7811 7537
464 2636
2790 981
2713 5564
1513 7133
2401 3896
4848 7446
2727 3446
1306 1693
277 3366
4017 7096
6555 5388
3646 615
4422 2659
1040 1818
2120 663
7673 7206
4100 3027
6778 4218
1262 6983
5374 6333
4580 231
6963 907
4486 1294
1963 2428
4853 1524
2250 1288
5334 1116
5967 345
5286 5538
1858 1735
3071 2317
5530 3314
646 2226
7678 7029
424 4286
7519 7357
6476 4120
3031 1226
7541 4561
4669 3399
1115 2349
2514 2363
6066 7078
6114 2098
3608 1870
5773 7374
1904 338
3358 1044
258 6879
7100 1333
3891 7695
1134 506
753 5018
3131 7421
7663 488
959 2810
6724 1814
4196 4822
7185 2311
1995 6952
4146 2512
324 2648
5348 7635
1867 3383
7130 6221
3388 1339
6067 5436
6065 4441
3019 2445
2397 44
4186 1431
4876 2072
429 7470
4712 4546
5634 95
6304 7664
7149 2255
6887 6893
5562 2195
2229 5074
1029 7586
5178 289
5159 626
4042 5335
1793 883
4861 647
7122 2035
1924 803
1235 4018
2701 6629
2187 3819
5517 1274
5185 4836
5 7840
16 5657
6884 5163
7814 2415
5833 7303
4556 6126
2141 902
6972 5641
6040 2837
3478 972
1063 688
6865 6509
6321 549
2801 3898
5046 5860
1893 7143
3006 208
2478 1505
5425 47
4962 1195
1133 139
5892 5740
5121 6897
6140 4002
6130 7017
4705 4151
5413 5231
6074 1628
1393 1933
2720 6993
2008 4960
4595 95
7779 6066
2702 2278
7762 7060
5777 5338
7783 483
4895 6320
275 2256
5641 4347
283 6944
7811 3235
788 1765
4469 7707
3630 2793
2240 5375
3749 2511
3553 5396
18 7933
7659 2334
7322 1449
6251 1530
1622 2514
5480 7461
1172 6146
3443 5071
7472 4671
2942 108
2081 4136
3271 4393
3608 4290
6716 6009
1052 6346
1528 7968
5071 3678
2629 1515
769 980
4763 3137
1215 4654
7563 3195
4846 4924
5210 6644
1847 3663
3323 2515
3090 2053
1280 4214
1191 7184
1012 4958
4081 233
6016 7064
4322 3826
2966 2146
4571 248
727 6783
7181 5528
6558 3217
4637 2796
6013 3290
3276 1444
3268 5602
6256 1302
1208 4827
5408 7953
834 3413
3737 2263
6065 6295
7253 7247
6613 7166
3044 1898
841 2225
1703 4212
4679 3480
5715 7040
4045 3970
5273 3829
2019 5680
7339 2205
3442 4912
2320 1146
2853 6371
5713 6461
3362 467
5169 1873
4861 4848
20 2288
7762 5662
2458 1705
7835 7817
4663 7382
4458 5596
4795 1125
1946 6305
1625 5831
6400 4764
2565 782
6854 1332
3394 6507
5005 292
2906 6008
5086 115
3465 7842
4958 175
1450 6922
4871 5447
557 2682
7244 3351
4578 1513
5200 5186
3792 6017
3852 4392
3568 4610
4209 3209
2959 7615
5672 3491
1022 310
2320 6791
3835 7362
6524 3388
2999 7019
2811 2931
6651 2544
3562 3404
5303 5166
507 1230
2837 5518
3655 5548
331 3504
5102 1790
372 6995
6220 8040
6734 5705
4864 7871
3707 1404
5098 1180
828 4722
515 7156
1115 577
4734 3771
2483 5960
7995 1652
7970 389
1473 3315
908 5190
1851 6225
3938 1880
5105 4394
6470 4518
2348 4008
3709 5964
666 5124
1231 4984
243 2946
7591 7050
2006 4386
6738 6514
2110 7359
1367 2966
7758 581
2234 3200
7922 8020
3802 301
4654 1025
700 3941
4806 3515
7983 6522
4813 3099
7924 4948
792 7368
5613 1316
1323 5316
363 2832
4598 3425
2761 3512
4185 2587
6298 7156
942 1271
2451 1894
4253 6407
2701 4507
3818 667
2220 4976
2459 514
4983 3268
7818 6710
4591 4471
4669 7839
3267 7796
944 533
4352 801
2475 6993
3940 3921
4042 5369
7408 32
804 6882
7018 6999
3293 6953
2071 5127
7744 3497
6417 7686
6267 4078
2564 5826
3115 6620
308 2644
5999 2593
3496 2753
2940 4118
7540 5757
5402 7427
7129 4425
4236 4794
4493 5915
4788 1868
3120 3056
7167 2999
6425 2156
2668 4113
2617 4022
911 4938
5406 2340
7616 5831
2543 2157
3296 1939
1745 1377
5968 4458
3450 2369
5037 4536
7556 4338
6673 6727
6209 4278
793 7356
4552 4564
782 3780
4973 6870
7599 7289
4863 6701
6521 7784
909 800
5891 964
912 5087
3808 2292
3068 6112
6942 2755
1296 6690
4068 3281
985 7180
1882 1470
5446 1108
1231 1451
6778 6678
4868 2923
6753 155
510 6951
3075 1648
1953 2979
8018 7666
2125 7874
1488 4505
2425 5588
251 1927
5535 6972
6802 2837
4282 3886
2447 3547
1499 4590
1942 5180
4158 6598
7711 805
588 2846
2290 395
4261 2563
6746 849
878 4641
7542 3784
5588 3683
7791 4595
157 1373
7132 8080
6745 1523
2242 108
4257 5302
6028 4990
5741 1202
1393 3205
6687 4279
5110 2122
5936 3310
2224 2204
5393 1546
2417 2888
2856 5191
7598 5567
6593 3887
7128 7652
5451 6666
71 4425
651 5069
6765 1671
6616 3800
2675 3101
7211 4557
6628 4419
5674 1973
4759 5207
1178 374
5321 2280
1901 2969
5514 5385
7931 367
401 4322
907 294
4985 7156
3991 5888
5574 8034
1105 7335
7677 5064
4225 6232
7694 6491
6739 4371
5116 4935
3911 4089
7544 2775
7787 6864
3329 5011
253 2214
1894 1217
7826 4825
5838 7323
7417 3260
252 5105
4294 6385
319 7066
4448 4777
4957 7650
1850 717
7120 5693
1566 46
5591 6619
5578 3717
674 7114
1149 5075
8090 2995
4492 3523
5356 5575
918 1366
2410 8150
4632 3915
3262 7901
3718 4840
1581 1240
3889 7386
4337 4095
2584 1623
1418 715
2481 5664
1439 6385
1409 6051
3060 6875
7117 4129
3386 3189
5287 5457
3447 118
2766 5455
2680 6779
3118 4025
4332 4749
174 455
1911 6212
5836 6023
1659 5441
1993 1352
7672 7443
3632 3134
970 3372
4465 7691
3625 3270
4246 5894
1585 6556
5986 7149
6468 4574
97 743
2237 5772
5270 5831
3527 2897
6418 4806
1699 1111
4490 4885
381 7061
103 3385
4874 7026
6275 784
822 585
3601 2298
5976 4324
50 157
3373 3772
5996 3025
4008 7253
8197 1415
1207 2004
3282 4923
2457 3134
236 7552
7817 3971
4414 7444
6131 3480
4444 2849
117 117
5984 2139
8352 4110
2023 7926
3603 6003
3955 2305
510 5825
1822 211
1 5129
2771 7213
856 2066
8342 513
5845 4961
3221 7083
2350 452
1632 1453
6488 7160
3126 7636
4299 1728
1210 6624
5242 173
7239 1641
2372 825
1831 6058
1068 5822
6201 6359
785 5485
3058 847
91 2169
3775 5747
3209 2401
183 1837
2492 4116
7205 4449
3321 1142
7744 5540
3850 6138
1532 2056
3632 5314
2118 696
4635 7541
5360 3968
612 6806
6678 3059
8301 6247
1518 5483
7143 2323
5105 2709
4063 7094
3347 4782
3075 612
3556 7314
1193 5477
1184 8072
7901 4440
4268 7383
5654 5378
3229 4442
5828 8402
3579 1141
5445 1082
6978 1910
2328 6656
3161 3080
3347 7799
7067 2906
7828 7408
3028 7249
1912 5028
2942 7298
2452 6704
4581 773
6008 4333
1950 4492
1769 5546
281 7675
4751 8292
1422 1499
5371 3959
2685 1946
1068 6960
6422 6412
735 3894
5890 1674
1740 5959
6992 6561
2129 5812
6677 6074
2742 3756
7072 2363
2958 1257
2472 3632
7088 5506
4844 2126
6852 8199
807 2128
2675 557
94 3974
2385 6233
2268 3796
8453 6337
3660 3976
4201 5217
1087 903
183 909
4769 4292
4332 1701
735 2810
2753 295
1187 2082
1353 2783
7760 4606
7411 484
3175 4628
1175 2279
3859 4544
2394 2543
3275 6466
289 7543
1929 4135
4967 5239
5447 2109
499 4981
1623 2946
3323 6551
3803 1068
5185 4162
5544 4915
7072 1227
1080 6217
2043 226
3854 3365
904 3424
6501 6592
7022 3026
281 4039
6898 557
4535 5118
3539 820
616 6191
7584 5925
6826 358
5478 5788
7266 8244
5300 1247
3635 4109
883 5437
4959 732
2303 6025
8292 5883
2487 4103
3500 3323
7444 5221
3469 6051
8178 6840
3818 3882
6270 112
2287 2960
6227 2523
3855 1373
2663 7174
3982 7679
1003 5353
3284 5349
4404 5773
3779 349
3461 2586
674 730
6209 6848
2823 478
6805 8167
1189 6458
1790 4825
3236 3887
5417 5071
2908 1333
3824 3454
6519 3522
6814 5664
5606 5271
6798 1281
686 8113
112 6216
5750 3433
6996 8208
5810 170
2505 5645
1697 1224
7744 400
853 5604
5604 1099
8199 5324
4493 3937
1375 5557
7200 4888
197 1306
7186 7676
534 1684
313 6947
994 2579
3373 6841
6385 1473
7201 4189
4325 6459
5941 5241
2575 6413
2645 6782
828 5599
3143 4314
6443 2539
7304 4446
3961 7856
7263 7965
6997 2361
6602 1040
6052 7421
66 1055
2286 3984
2103 5845
3898 4348
5184 6907
2454 3582
97 1191
4769 4078
5118 6827
659 565
7081 2798
6810 4758
16 1320
7477 1937
4905 4484
2089 2534
58 5440
3305 3073
7316 1305
2632 995
4092 2109
4290 6282
2025 304
4156 2216
2605 5679
3461 5882
6821 2711
4591 119
6750 782
5997 8227
4323 6291
5001 7807
4914 5605
3248 2012
6273 3858
5623 3527
5214 46
612 3627
7098 6063
6055 4046
3434 7462
2641 5634
7657 5204
6169 1625
4310 6783
1569 3366
6473 4092
4463 1180
3044 7073
4823 6551
5939 3914
8303 2849
1007 4029
5606 5162
4708 3128
8008 6123
2180 7551
5122 4754
3578 510
5688 7596
941 1114
6831 7379
4208 2201
913 4604
3854 6996
5333 5068
866 3716
23 1192
5048 358
985 6938
6327 1696
8416 4284
672 5196
516 1192
3383 6276
1524 5233
5171 621
1722 4289
5146 1183
6117 8416
6741 6722
2171 6908
5722 3611
3688 6949
3729 7187
8025 1688
429 4732
6434 3857
2773 7115
5969 5243
123 7240
6645 3408
5407 7419
5537 894
1122 8225
3244 2199
8095 3037
6263 7710
2015 3402
5178 7103
2607 1836
3066 3091
7760 7969
5564 6261
4215 227
2176 4915
3441 6457
234 6984
3827 1565
1782 7285
456 5849
5522 518
8009 99
4647 5127
6859 1348
1269 7103
1183 1554
275 7665
5598 1904
6796 3568
4544 7804
4856 5624
5282 7352
308 4650
7103 127
6355 4463
4448 8009
1515 7464
3378 4490
3125 5645
4467 258
3329 813
5540 5878
3518 5209
15 2826
2503 2163
231 553
945 6135
2189 7098
7051 8157
2296 3374
7314 1637
8445 7009
4038 4882
811 5918
3836 4963
3732 4304
293 6512
7145 2331
4400 2931
8272 4953
7901 134
6587 6611
1197 5234
3957 1675
5351 8130
7602 3273
8527 3982
3514 7283
5437 5708
6538 7510
7347 7010
6787 3796
1034 4720
1140 4938
1769 1418
8263 5635
3526 5816
611 4337
6787 1568
3063 8574
3552 5024
3700 5236
1617 5423
439 6164
2426 4437
8189 6560
1908 687
3016 8194
2729 2982
5858 4105
4039 1220
4521 4197
8673 6430
2374 3152
6301 275
5487 7426
1005 6936
730 4414
7335 8725
8214 357
4274 7513
1249 7238
653 5215
3883 212
4536 3338
8134 1699
5117 2690
6057 1308
800 3567
233 6392
109 8590
8500 1195
5376 7706
1468 5109
3507 3166
3193 5609
4601 2686
8739 3272
6294 596
1458 3237
3071 6612
262 210
6007 4169
4676 3827
2973 8396
6156 625
4553 5209
3052 7856
8751 8653
7891 3192
5911 6895
7875 4178
7994 4921
2600 8692
655 5977
5132 5323
7656 8154
2545 6599
2165 8107
3181 6941
3097 2405
8676 4975
8134 6306
2341 7327
7235 5649
7757 8491
2741 4709
7745 8746
7119 6257
6002 2871
1215 3552
5607 256
1145 1911
1276 2577
7050 1401
2426 4850
5684 5769
2679 3011
501 5515
4074 7390
788 1952
3208 2539
8780 963
1537 8764
5606 8643
4838 7041
359 3120
3525 1017
5627 5441
3419 7029
81 2135
1483 817
8749 8413
5392 1830
608 988
6513 6075
7089 6895
4688 5012
4667 4810
1231 2722
4796 3734
7306 6285
3075 6519
7606 7259
2950 5984
169 24
7479 5522
1374 4825
8026 6244
8391 4944
863 4728
3650 1941
3652 5545
5648 6970
5334 1439
1957 7090
7333 4404
3168 4853
8325 4048
8438 3670
5074 414
6370 73
1344 7984
6609 6009
501 2551
2315 1182
6418 2977
5506 2641
4387 508
4320 2285
1867 3205
3471 3483
7140 1521
2154 156
1040 6032
848 8270
2999 816
1961 3131
6606 6636
515 5205
7243 7761
5587 3651
1142 1026
3448 5012
8367 1840
2936 5655
5396 3348
4490 2037
1927 6623
5763 2554
6466 4754
1157 5483
4044 6161
1830 7972
5385 3471
2674 2091
2520 6031
7893 4678
6859 7377
7393 4913
3592 94
8765 2781
8116 415
1312 3574
4796 3635
581 2028
3955 6613
7022 5394
1322 1302
99 4372
8457 5836
4426 725
5536 6940
4505 198
5983 49
1859 5898
8861 4430
2651 161
4135 4906
7004 3945
5864 3631
5310 6123
8380 149
2443 5108
105 4826
2726 6763
2629 6178
1553 6993
894 5689
2293 3934
6631 4174
5790 1171
1464 7023
3752 7613
4905 2896
6178 1128
7655 1175
6288 2101
569 5669
5305 6126
3585 579
601 2724
3175 8100
6174 1847
435 1786
5305 3343
4266 2912
710 841
1311 7266
1565 5575
75 3771
8635 6643
4509 575
4344 7287
2451 1653
5290 48
3626 6329
2533 7032
865 5879
1950 6681
7740 1574
5541 6951
5344 8702
2294 7708
2051 5470
6222 4487
8320 1510
7649 1170
3369 4362
3337 486
8246 1683
5470 4107
7707 1941
5216 4828
433 2151
3770 5974
6243 3662
745 5585
3779 6496
3793 2600
1188 60
7003 2995
5716 7660
3747 8602
5797 3984
4122 5358
8236 1242
4287 4318
2926 7343
5346 5547
3048 2425
960 6718
692 1633
6480 5344
1542 2041
5933 3804
8226 5251
4947 408
269 3245
2428 4241
5079 7158
7045 4688
954 3779
4298 479
953 1310
2420 1069
5506 2232
2519 2877
2405 4712
2537 3642
2371 61
1557 7640
1244 3388
6975 4752
1804 2066
6537 664
6988 7300
4216 1469
4904 1188
4017 3331
2261 6011
7514 7275
4563 327
658 5052
3344 5838
7494 7113
6800 8621
8952 8999
6323 2495
2232 1243
2345 1815
6588 6525
5967 1969
4437 6164
5288 7825
8815 4212
5161 5469
2466 3990
1388 3059
6409 7630
514 7160
803 4468
4925 1581
3292 4520
5448 7483
2832 3750
3920 355
5659 5336
6678 4414
8594 7143
383 2037
7868 1822
8031 8317
1265 2769
5476 2365
3315 1237
1899 3826
549 3874
7727 493
2476 5224
2040 7113
4207 4773
5649 4082
5316 2709
1391 3018
7867 6379
7188 4678
209 7056
4765 3842
79 7467
2205 856
3170 4302
1067 3407
7064 5587
6385 6075
8365 8184
6358 5904
6656 3622
4907 599
5768 7524
5120 4122
8410 4732
6835 3937
8735 810
3852 2581
1094 8575
4317 3770
5896 2252
6018 5344
8581 3628
485 2213
8976 3117
8361 305
7218 4469
2086 3889
2407 7493
99 3961
4201 8233
8598 4704
4679 9103
452 8638
8938 2340
5571 4576
7939 8157
5879 4528
4809 1688
2013 770
140 3386
1288 515
7034 2732
8312 3395
7559 8262
4540 7132
8018 3308
1675 4083
6782 1803
7709 1924
1396 3282
1473 5222
940 4085
7811 2336
8847 3383
2799 3957
1899 6315
7244 1399
6125 4807
7065 7968
6779 8438
9085 6451
327 1876
2228 5657
5323 5300
3807 1312
7937 6149
1727 3134
2777 5149
3919 8623
6846 5324
4942 298
3910 9129
7741 2332
5125 4651
6753 1740
924 4912
5641 2965
6027 6966
448 8483
3957 2401
6737 8905
5668 7474
971 7579
637 2820
808 4774
5839 257
7126 3128
5396 11
2451 2235
3133 8706
8615 1130
2059 5672
507 6267
6841 8665
8350 9123
1382 1452
1116 3688
5045 2225
6466 7148
6319 3467
793 2788
2391 1532
8635 2763
8283 609
5062 2740
3737 2057
3746 4928
1191 7654
8548 964
4944 8643
7922 8535
4323 7531
5960 5924
8239 5144
3229 7963
4527 3730
7837 2902
4319 544
364 4193
5684 740
3485 2438
7643 8022
3883 8270
2765 4443
8500 2745
3329 6111
3134 174
1321 5510
5517 4198
1305 867
4962 2038
6330 8745
5499 7548
5869 7045
4652 4962
7958 7924
7138 3610
4542 7953
896 2717
2169 946
3091 7381
3091 2935
3268 1386
2094 5737
1571 6614
9081 8202
2769 1570
4474 4668
8064 4473
3513 3120
5605 8322
7108 1430
4947 6783
3316 1511
2653 5132
1814 178
4932 1181
68 6308
5383 3680
2169 1111
7137 4939
6200 3807
5122 509
2913 7171
144 1998
4945 2465
5867 3360
2220 4285
2233 3094
596 5905
5981 3698
989 3025
2240 4308
3520 4904
5432 1763
5359 1947
6529 4253
2076 5279
4178 4088
2546 1241
2055 8566
398 4608
5029 5692
2505 2890
7435 3278
3459 7454
2458 7354
228 3016
4736 975
4234 694
464 8642
1888 1181
4553 7446
2243 6852
5488 8146
2235 6797
7764 6822
4838 4908
7609 1285
5332 6078
8459 1376
3259 4880
2998 2148
5964 8588
1598 8390
4264 9273
6856 2564
2954 3264
9090 8251
770 3456
1913 1560
5000 8866
5825 7417
7410 2896
8323 7772
4435 6038
5359 316
992 1928
8816 9164
4356 8962
3446 3472
2596 495
8329 7129
1758 1795
7460 1495
7054 3340
4318 557
4209 4288
1168 9052
7733 2951
3373 3897
1139 5726
552 993
157 6639
4020 6338
4695 3842
4730 5606
4450 3562
7932 7740
4064 1020
3590 1712
3905 102
5962 5472
5561 315
1210 1039
2797 4022
2768 8954
1258 6361
4318 8672
5088 8436
5137 2787
811 4135
7676 2955
7508 1712
8980 2545
5576 7472
4385 6238
8374 2019
668 1764
1089 2888
7131 7077
9226 5736
3163 8985
4544 6059
6025 2576
8272 5894
1475 6791
618 555
2902 3196
6037 1016
1354 1691
6092 2157
878 8186
6784 7702
1085 1452
137 5494
9010 362
3781 2103
6482 1912
5887 943
7520 4490
3703 2031
1268 1536
6083 8674
2826 5565
5580 7407
3464 758
4760 610
643 1964
712 5918
1642 5748
2149 4006
4021 1744
6766 1454
705 3488
3995 3146
3837 4493
5478 4501
3919 6420
4631 9039
3760 1201
3715 3274
6008 2883
4499 2222
4920 1659
2874 4270
6649 745
5894 1061
6278 452
7210 2510
2564 9344
1455 3617
2126 3218
6043 2051
4538 2123
1633 7862
142 852
4468 3612
4739 5427
2884 3625
8231 8367
4186 834
2098 8635
4607 1651
4594 5429
610 3940
5838 4322
4964 169
3044 7032
4207 6735
8108 5350
6466 3963
7974 2267
8730 4738
775 4295
1397 3878
3238 786
1842 7503
2458 8054
216 7989
9349 7969
7273 8809
9195 4969
6039 6929
695 4440
287 7058
5899 8349
4016 3337
3802 4282
4835 2518
9320 8398
843 8753
4175 5450
8811 3376
8851 9024
3474 6148
866 5004
2449 5867
2665 2893
5489 2627
1254 3578
768 5210
3603 1729
2551 4686
9392 1844
1772 7154
4123 6092
1517 2769
4632 7711
1800 4665
8329 1699
5306 7621
9243 8307
5090 2977
9409 6916
7375 5932
4595 205
94 7981
3135 7731
9117 3892
6521 5226
5077 9387
1996 8446
7112 5440
793 8394
6470 8965
7269 3232
5300 7210
1066 7858
2694 2371
6014 6624
6088 4527
3180 3970
3012 3705
1657 534
1646 4717
3928 2551
3193 135
4806 1266
2304 5811
5868 3714
7772 8618
8475 5347
2476 1896
3476 3660
8727 7245
2496 7837
4309 2841
2698 8480
7384 8315
1259 8877
4740 6893
2875 5592
5570 8050
2529 2238
3314 4801
2888 1712
1376 5875
4678 8262
4932 5607
7053 970
4638 5354
4557 6702
9338 1681
1301 1920
7374 4635
5634 8971
4737 4322
8732 8789
8432 9015
2641 8571
3439 9127
1572 476
8268 1955
3860 6407
558 5393
6329 2587
1381 3818
4003 2243
3999 1597
413 7849
3464 3599
8182 8237
1352 2022
168 3385
4741 7859
437 1992
3329 5322
8985 5085
4135 8151
203 6423
9404 5253
2680 2064
2451 55
8299 1305
2330 2740
5129 2436
7871 2122
2921 4026
6496 2015
5631 5076
4453 9290
9149 1773
2996 5710
2879 6988
8055 7013
6704 4853
8776 6297
1021 7536
4127 695
4678 6043
9399 4189
7123 1937
87 2263
9242 456
5277 257
1161 6192
8105 2830
5869 5530
7403 4770
414 8144
4473 9350
371 6216
8399 2400
8853 6052
3906 2474
1433 897
1452 7542
6793 3447
5341 8687
6977 2404
3317 7592
7762 5314
620 7514
5704 760
882 4557
8733 1970
896 6544
4472 7857
2726 3406
3332 3616
5784 3114
1241 9317
9030 5929
8452 6327
6365 3562
2741 6394
3042 5768
5101 2053
4925 2474
4287 5971
48 5523
3254 2010
4491 8650
902 2588
9046 9425
650 7191
5162 4225
7711 3945
2202 247
2316 5552
7287 3062
5540 4424
9351 760
5135 6634
7977 2068
3765 6636
3658 9150
7071 9327
1288 3778
9447 823
2025 942
4779 7185
3783 1373
6410 8923
6853 3499
3032 6667
9228 8075
7688 351
1881 794
4688 7220
8831 5343
5905 141
7083 5702
129 5193
2039 5306
8709 9551
6385 4625
3718 7011
1999 6548
7329 330
8534 2470
2913 6615
676 3723
1014 7538
5786 4766
6972 889
7544 5188
4028 1218
7002 5348
579 2305
7342 4571
3773 8418
268 1566
528 3065
5125 869
4571 629
3808 7669
2160 9093
5612 5193
7422 8797
2284 987
3871 6749
4931 1531
465 5340
1955 3246
2031 8815
1125 2190
8487 8137
2189 347
6501 2483
5687 9154
4860 9292
6610 990
9019 3501
4508 8110
5902 4286
1031 8849
8708 4530
639 5531
8419 6198
7685 1020
2251 4906
786 8061
5310 4127
7311 570
4273 7647
2681 3790
8540 8374
9322 3481
8762 3230
5512 7639
3593 1834
1905 197
389 5821
2704 2942
7631 5208
6943 649
5153 6587
3326 8591
6764 7039
4805 7943
5756 4724
3909 5056
7483 1245
2427 2234
2655 1704
7901 4399
8930 9463
2930 9195
8396 7804
1019 6122
2221 1744
1418 8651
1367 5738
6480 6824
3743 6784
3122 38
5821 1796
108 7500
998 8681
1079 7812
5473 1004
4167 2301
2764 4264
1297 1011
6246 8619
1055 1453
1429 1483
8425 5146
2902 4845
1219 3813
9486 2578
2315 6959
1414 2888
346 7397
8352 3330
3283 369
3535 4170
787 7131
7496 6174
8382 8780
7022 3770
53 8612
2709 5895
550 9230
3205 7359
2188 3932
9519 3632
7222 2987
7281 2223
7115 630
351 8014
8266 1438
4730 5465
38 2317
4465 1472
7790 2605
7706 3200
5789 5713
96 897
9675 9742
5070 870
4022 1285
7699 1240
5534 2816
7475 6033
4114 5635
2599 950
1780 6074
9258 6290
9369 2357
9388 5067
6005 7454
2576 8121
4377 2902
4891 2152
8285 7874
2551 747
5447 8822
2368 9381
3222 6197
4011 3224
4675 3994
2454 9690
5890 9162
2462 9197
5504 1850
7672 5126
6012 5693
1353 1162
3580 8941
4321 7399
8806 4661
5065 7269
8263 9004
7670 1873
269 3982
979 9377
9211 3197
3039 4811
6521 1045
4456 1737
2011 1201
2342 2860
8131 8002
5897 1531
5551 9774
6847 5283
747 111
908 1453
1470 3994
118 1897
3683 726
4377 2047
8182 6190
5663 3434
107 4219
1054 1694
9320 7149
2082 4327
9349 1839
9704 303
2917 9790
3594 8683
6906 3331
2872 1642
3765 1577
124 1186
892 6002
5483 2260
9033 3036
7293 3931
9187 8431
6073 1605
8458 9126
3742 6536
3827 3331
5186 2771
1315 125
6825 8260
3923 3532
9572 965
7827 2276
1180 5461
8873 3167
7311 2496
9316 2115
2944 5830
7666 8738
9201 5102
7046 5780
6530 4302
8747 2041
5994 8610
3375 616
7739 5626
8357 2243
1642 6821
6577 9491
7973 8391
8890 990
1613 9588
3644 5057
6185 9565
2107 6447
5078 224
2932 1754
1389 6564
8702 3039
1557 5353
8717 7481
9325 200
664 3616
7456 1267
9444 6267
994 1484
2063 7544
1647 1724
9772 2973
9361 340
2779 2125
48 2452
890 7580
846 335
4832 4355
6155 4527
4085 31
6535 2087
7724 1480
8015 119
9768 4419
1832 6623
6093 909
9403 823
9492 5793
6799 6920
202 8932
8950 8417
2302 3732
9479 6548
5221 98
9524 2313
9033 2866
9327 2964
3634 1896
5951 760
1043 8823
7991 875
6173 971
5719 282
7983 6941
4316 9812
5216 3300
8881 9232
2624 2899
7356 4350
4894 15
9680 8947
950 4068
3136 5398
9323 4163
8839 1119
6396 314
1849 1639
3923 1209
9641 4364
3783 1915
9614 730
8848 7020
5065 3913
679 7225
9279 6904
9038 508
7038 9752
52 197
8146 9590
9125 6755
9857 7571
125 9146
4142 4952
1222 7173
5430 8434
2089 8909
9687 7943
2331 4997
8334 8651
8110 5164
2465 5191
6423 6952
52 7145
6644 1538
7019 3285
4310 911
3875 7101
6160 1722
1162 6643
373 4166
2573 5868
6005 2811
5727 5457
90 4672
4560 7830
1547 4334
5070 4541
6024 7539
8484 4437
1917 56
408 5443
9525 3410
4294 7364
8650 7177
4168 4845
7162 121
2324 4049
7749 493
7899 7622
7051 6379
926 9603
6250 1711
1642 7831
3244 216
9211 85
6784 7795
8149 2857
7191 994
6274 1217
8351 182
6805 4115
3723 1642
1725 1413
3208 8097
1692 3518
8750 6192
7433 7362
8611 3420
7668 9660
8029 4401
2392 2308
9272 6347
1333 9647
1690 3190
750 8332
7182 1307
786 4874
6658 9476
5149 162
9432 2484
7624 2429
4097 2881
5946 1298
1944 1967
927 5023
9608 6536
3749 8911
