200
20 30 60
20 30 60
50 40 60
50 10 10
0 50 50
20 20 25
20 20 25
20 20 25
20 20 25
40 35 35
45 40 55
10 10 5
15 15 25
35 30 35
40 35 55
10 10 5
15 15 25
35 30 35
40 35 55
10 10 5
15 15 25
35 30 35
40 35 55
10 10 5
15 15 25
35 30 35
40 35 55
10 10 5
15 15 25
35 30 35
20 15 15
40 30 25
45 35 45
10 10 5
15 15 25
35 30 35
40 35 55
10 10 5
15 15 25
35 30 35
40 35 55
10 10 5
15 15 25
35 30 35
40 35 55
10 10 5
15 15 25
35 30 35
40 35 55
10 10 5
20 20 25
40 35 35
45 40 55
10 10 5
15 15 25
20 15 15
25 20 35
45 35 45
10 10 5
30 25 15
35 30 35
55 45 45
10 10 5
30 25 15
35 30 35
55 45 45
10 10 5
30 25 15
35 30 35
55 45 45
10 10 5
30 25 15
35 30 35
55 45 45
10 10 5
30 25 15
35 30 35
55 45 45
10 10 5
30 25 15
20 15 15
40 30 25
45 35 45
10 10 5
15 15 25
35 30 35
40 35 55
10 10 5
15 15 25
35 30 35
40 35 55
10 10 5
15 15 25
35 30 35
40 35 55
20 20 25
25 25 45
45 40 55
10 10 5
30 25 15
35 30 35
55 45 45
10 10 5
30 25 15
35 30 35
20 15 15
25 20 35
45 35 45
10 10 5
30 25 15
35 30 35
55 45 45
10 10 5
30 25 15
35 30 35
55 45 45
10 10 5
30 25 15
35 30 35
55 45 45
10 10 5
30 25 15
35 30 35
55 45 45
10 10 5
30 25 15
35 30 35
55 45 45
10 10 5
30 25 15
20 15 15
40 30 25
45 35 45
10 10 5
15 15 25
35 30 35
40 35 55
10 10 5
15 15 25
35 30 35
20 20 25
40 35 35
45 40 55
10 10 5
15 15 25
35 30 35
40 35 55
10 10 5
15 15 25
35 30 35
40 35 55
10 10 5
15 15 25
35 30 35
40 35 55
20 15 15
25 20 35
45 35 45
10 10 5
30 25 15
35 30 35
55 45 45
10 10 5
30 25 15
35 30 35
55 45 45
10 10 5
30 25 15
35 30 35
55 45 45
10 10 5
30 25 15
35 30 35
55 45 45
10 10 5
30 25 15
35 30 35
55 45 45
10 10 5
30 25 15
20 15 15
40 30 25
45 35 45
10 10 5
15 15 25
20 20 25
25 25 45
45 40 55
10 10 5
30 25 15
35 30 35
55 45 45
10 10 5
30 25 15
35 30 35
55 45 45
10 10 5
30 25 15
0 0 7
0 0 7

